4725 -2726
922 -2725
802 13204
553 -19564
447 30042
359 14112
338 14113
277 -18656
259 -1817
236 -18655
168 -3634
142 -3635
132 13203
89 -19565
76 -1818
73 30043
53 12295
48 -4543
31 -20473
21 11386
19 10478
19 11387
17 29134
14 29133
13 -5452
13 30951
12 12296
11 -5451
10 -20472
10 -21381
10 -22290
10 9569
9 9570
7 -4544
7 -7269
7 8661
5 -21382
5 -6360
5 28225
4 27316
4 30950
3 -23198
3 -23199
3 -24107
3 -8177
3 28224
2 25499
2 27317
2 8660
1 -10420
1 -11329
1 -11754
1 -11812
1 -15871
1 -19816
1 -24108
1 -30128
1 -6786
1 -8178
1 10479
1 20956
1 22348
1 24080
1 25500
1 3236
1 4118
