4900 -2726
951 -2725
855 13204
549 -19564
417 30042
365 14112
361 14113
257 -18655
257 -18656
159 13203
156 -3634
145 -3635
120 -19565
84 30043
59 12295
51 -4543
32 -20473
25 29134
24 -1817
19 10478
19 11387
18 -5452
16 11386
15 29133
13 -20472
13 -22290
10 -21381
10 12296
9 9570
8 -7269
8 28225
7 -6360
7 8661
6 -21382
6 9569
5 27316
4 -1818
4 -23198
4 -4544
3 -23199
3 -5451
3 26408
3 8660
2 -6361
2 27317
1 -11609
1 -19990
1 -24107
1 -25015
1 -25016
1 -28167
1 -6785
1 -7268
1 -9511
1 -9937
1 13440
1 13877
1 16896
1 20048
1 2301
1 30951
