11609
31173
1131
3857
32024
1982
23363
26089
28815
31541
1498
4224
6950
26940
29665
32391
19187
21913
25548
28274
30999
957
3683
6409
9135
11861
14586
17312
21855
24581
27307
15920
18646
21372
26824
29550
32275
2233
7685
10411
32701
2659
5384
8110
10836
13562
16288
19014
21739
24465
27191
29917
32643
19439
22165
24891
27616
30342
300
3026
25316
28042
30768
726
3451
25741
15263
17989
20715
23441
26167
28893
15689
18414
21140
23866
26592
13388
16114
18840
21566
24291
27017
29743
32469
2427
6061
8787
11513
14239
16965
19690
22416
25142
27868
30594
552
3278
6003
8729
11455
14181
16907
19633
22358
25084
27810
30536
494
3220
5945
8671
11397
14123
16849
19575
22300
25026
27752
30478
436
3162
5887
8613
11339
14065
16791
19517
22242
24968
27694
30420
378
3104
5830
8555
11281
14007
16733
19459
22185
24910
27636
30362
17158
20793
23519
26244
28970
31696
1654
4380
7106
9831
12557
15283
18009
20735
23461
26186
28912
31638
1596
4322
7048
9773
12499
15225
17951
20677
23403
26128
28854
31580
1538
4264
6990
9715
12441
15167
17893
20619
23345
26071
28796
31522
1480
4206
6932
9658
12383
15109
17835
20561
23287
26013
28738
31464
1422
4148
6874
9600
12325
15051
17777
21412
24137
26863
29589
32315
2273
4999
7724
10450
13176
15902
18628
5424
8150
10876
13601
16327
19053
21779
24505
11301
14027
16753
19478
22204
24930
27656
30382
340
3065
5791
8517
11243
13969
16695
19421
22146
24872
27598
30324
282
3008
5733
8459
28023
30749
707
3433
6159
8885
11610
14336
17062
19788
22514
25240
27965
30691
20213
22939
26574
29299
32025
1983
4709
7435
29725
32451
2408
24698
27424
31967
1925
24215
26941
29667
32393
2350
24640
27366
30092
50
2776
5502
8227
10953
13679
16405
7744
10470
13196
15922
18648
21373
24099
26825
29551
32277
2235
4960
10412
13138
15864
18590
24041
26767
29493
32219
2177
4902
7628
10354
32644
2602
5328
8054
10779
13505
16231
19866
6662
26226
28952
31678
1635
4361
7087
9813
12539
15265
17990
20716
23442
26168
28894
31620
1577
4303
7029
9755
12481
32045
2003
4729
7454
27019
29744
16541
3337
6063
8788
11514
14240
16966
19692
22418
25143
27869
30595
553
20117
22843
25569
28295
31020
978
3704
6430
9156
11882
14607
17333
20059
22785
25511
28237
30962
920
3646
7281
10006
12732
15458
18184
20910
23636
26361
29087
31813
1771
4497
7223
9949
12674
15400
18126
20852
23578
26304
29029
31755
1713
4439
7165
9891
12616
15342
18068
20794
23520
26246
28971
31697
1655
4381
7107
9833
12558
15284
18010
20736
23462
26188
28914
31639
1597
4323
7049
9775
12501
15226
17952
20678
23404
26130
28856
15652
18378
21103
24738
27464
30190
147
2873
5599
8325
11051
13777
16502
19228
21954
24680
27406
30132
89
2815
5541
25105
27831
30557
515
3241
5966
8692
11418
14144
16870
19596
22321
25047
27773
30499
457
3183
5908
8634
11360
14086
16812
19538
22263
24989
27715
30441
399
3125
5851
8576
11302
14028
16754
19480
22206
24931
27657
30383
341
3067
5793
9427
12153
14879
17605
20330
23056
25782
28508
31234
1192
3917
6643
9369
12095
14821
17547
20272
22998
25724
28450
31176
1134
3859
6585
9311
12037
14763
17489
20215
22940
25666
28392
31118
1076
3802
6527
9253
11979
14705
17431
20157
22882
25608
28334
31060
1018
3744
6469
9195
11921
14647
17373
20099
22824
25550
28276
31002
960
21433
9137
11863
14589
17315
20041
6837
9563
12288
15014
17740
20466
23192
25918
28644
31369
1327
4053
6779
9505
12231
14956
17682
20408
23134
25860
28586
31311
1269
3995
6721
9447
12173
14898
17624
20350
23076
25802
28528
31253
1211
3937
6663
9389
12115
14841
17566
20292
23018
25744
28470
31196
1153
3879
6605
9331
12057
14783
17508
20234
22960
26595
29320
32046
2004
4730
7456
10182
12907
15633
18359
21085
23811
26537
29262
31988
1946
4672
7398
10124
12849
15575
18301
21027
23753
26479
29204
31930
1888
4614
7340
10066
12792
15517
18243
20969
23695
26421
29147
31872
1830
4556
7282
10008
12734
15459
18185
4981
7707
10433
13159
15885
18611
5407
8133
10858
13584
16310
19036
21762
24488
28122
30848
806
3532
6257
8983
11709
14435
17161
19887
22612
25338
28064
30790
748
3474
6199
8925
28489
31215
1173
3899
6625
9351
12076
14802
17528
20254
7050
28431
31157
1115
3841
6567
9293
12019
14744
17470
20196
22922
25648
30191
149
19713
6509
10143
12869
15595
19229
6026
25590
28316
31041
999
3725
6451
9177
11903
14628
4150
6876
9602
12328
15054
17780
20505
23231
25957
28683
31409
1367
4093
6818
9544
12270
14996
17722
20448
23173
25899
28625
31351
1309
4035
6760
9486
12212
14938
17664
20390
23115
25841
28567
31293
1251
3977
6702
9428
12154
14880
17606
20332
23057
9854
12579
32144
3010
5736
9370
12096
31660
19365
6161
8887
11613
14339
17065
19790
22516
10221
29785
32511
19307
22033
24759
27485
30211
168
2894
5620
8346
11072
13798
16523
19249
21975
24701
27427
30153
110
2836
5562
8288
11014
13740
16465
19191
21917
24643
27369
30095
52
2778
5504
8230
10956
13682
16407
19133
21859
24585
27311
30037
32763
19559
22284
25010
27736
30462
420
3146
5872
8597
11323
30887
845
3571
6297
9931
13566
16292
19017
21743
24469
27195
29921
2604
5330
8056
10782
13508
16234
18959
24411
27137
29863
32589
2547
7998
10724
13450
2972
5698
8424
30714
671
3397
6123
8849
11575
14301
1097
3823
6548
9274
12000
14726
4248
6974
9700
12425
17877
20603
23329
26055
28780
31506
1464
4190
6916
9642
12367
15093
17819
20545
23271
25997
28722
31448
2315
5041
7766
10492
15035
1831
4557
7283
26847
29573
32299
2257
4983
7708
13160
15886
18612
21338
10860
13585
16311
19037
21763
24489
27215
29941
32666
2624
5350
8076
30366
324
3050
5775
8501
11227
749
3475
6201
8927
11652
1174
3900
6626
9352
12078
31642
1600
4326
7051
9777
12503
15229
17955
20681
23406
26132
28858
31584
2450
5176
7902
10628
13354
16080
18805
21531
24257
26983
30617
17414
20139
22865
25591
12387
31951
1909
21473
24199
26925
29651
32377
19173
21899
24624
27350
14146
1851
5486
9120
12755
16389
19115
21841
24567
27292
14089
16814
19540
22266
24992
11788
14514
17240
19966
22691
25417
28143
30869
827
3553
6278
9004
11730
14456
17182
21725
9430
29902
18516
21242
23967
26693
29419
1194
21667
11189
31662
1619
4345
7071
9797
12523
32087
2045
4771
7496
10222
29786
32512
2470
5196
7922
10648
13373
16099
18825
21551
24277
15616
18342
21068
23794
26519
29245
31971
1929
4655
9198
11924
14649
17375
20101
22827
25553
28279
31004
962
20526
23252
25978
28704
31430
1388
4114
6839
9565
12291
15017
1813
4539
7265
9991
12716
15442
18168
20894
23620
26346
29071
31797
1755
4481
7207
9933
12658
15384
18110
20836
7632
10358
13084
15810
18535
21261
23987
26713
29439
32165
2122
4848
7574
10300
13026
15752
18477
21203
23929
26655
29381
32107
2065
4790
7516
10242
12968
15694
18420
21145
23871
26597
29323
32049
2007
4732
7458
10184
12910
15636
19270
21996
24722
27448
30174
131
2857
5583
8309
11035
13761
18304
21029
23755
26481
29207
31933
1891
21455
24181
26907
29632
32358
2316
5042
7768
10494
13219
15945
18671
21397
24123
26849
29574
32300
2258
4984
7710
10436
13161
15887
18613
21339
24065
26791
29516
32242
2200
4926
7652
10378
13103
15829
18555
21281
8077
10803
13529
16255
20798
23524
26249
28975
31701
1659
4385
7111
9836
12562
15288
18014
20740
23466
26191
28917
31643
1601
4327
7053
9778
29343
32068
2026
4752
7478
10204
12930
634
3360
6086
8812
11538
14264
16989
19715
22441
25167
27893
30619
576
3302
6028
8754
11480
14206
1002
3728
23292
26018
28743
31469
1427
4153
6879
9605
12330
15056
17782
20508
24142
26868
29594
32320
2278
5004
7729
10455
13181
15907
18633
21359
24085
26810
29536
32262
2220
4946
7672
10397
13123
15849
2645
5371
8097
10823
13549
345
3071
5796
8522
11248
13974
16700
19426
22151
24877
27603
30329
287
3013
22577
26211
28937
31663
1621
4347
7072
9798
12524
15250
17976
20702
23427
26153
28879
31605
18401
21127
23853
10649
13375
16101
18826
5623
8348
12891
15617
18343
21069
23795
26521
29246
31972
1930
4656
7382
10108
12834
15559
18285
21011
23737
26463
29189
31914
1872
4598
7324
10050
12776
15501
18227
20953
23679
26405
29131
31856
1814
4540
7266
9992
12718
15443
18169
20895
23621
26347
29073
31798
1756
4482
7208
9934
12660
15386
18111
20837
24472
27197
30832
790
3516
6241
8967
11693
14419
17145
19871
22596
25322
28048
30774
732
3458
6184
8909
11635
31199
1157
3883
6609
9335
12061
14786
17512
20238
22964
25690
28416
31141
1099
3825
6551
9277
12003
14728
17454
20180
22906
25632
28358
31083
1041
3767
6493
9219
11945
14670
17396
20122
6918
9644
12370
15096
17822
20547
23273
10978
32359
19156
21881
24607
27333
30059
17
2743
5468
8194
10920
13646
16372
19098
21823
8620
11345
14071
16797
19523
22249
24975
27700
30426
384
3110
5836
8562
11288
14013
16739
4444
7170
9896
12621
15347
18073
4869
7595
10321
13047
15773
2569
5295
8020
10746
30310
268
2994
5720
8446
11172
13897
16623
19349
22075
24801
27527
30253
210
19774
22500
25226
27952
30678
636
3362
6087
8813
11539
14265
1061
3787
7421
10147
12873
15599
18325
21050
7847
11481
14207
16933
20567
23293
26019
28745
15541
18267
5063
7789
10515
13240
945
3671
25052
27778
30504
17300
20935
7731
10457
14091
887
20451
23177
9973
12699
15425
18151
20877
23603
10399
14033
1738
4464
24028
26754
29480
32205
19001
21727
24453
27179
29905
32631
2589
5314
8040
10766
13492
16218
18944
21669
24395
27121
29847
32573
2531
5256
7982
10708
13434
16160
18886
21611
24337
27063
30698
655
3381
6107
8833
11559
14285
17010
19736
22462
25188
27914
14710
3323
6049
26522
29248
114
20587
7383
11018
14652
17378
6900
10534
13260
965
3691
6417
9142
11868
31432
2299
5025
7750
10476
13202
15928
18654
21380
24106
26831
29557
32283
2241
4967
7693
10418
13144
15870
2666
5392
8118
10844
13570
16295
19021
21747
8543
11269
13995
16721
19447
22172
24898
27624
30350
308
19872
22598
25324
28049
30775
733
3459
6185
8911
11636
14362
17088
19814
22540
25266
27991
30717
675
3401
6127
8853
11579
14304
17939
5644
8369
11095
13821
16547
19273
21999
24724
27450
30176
134
2860
5586
8311
11946
15580
18306
21032
23758
26484
29210
31935
1893
4619
7345
10071
12797
15522
18248
20974
23700
26426
29152
31877
1835
4561
7287
10013
12739
15464
18190
20916
23642
26368
29094
31819
1777
4503
7229
9955
12681
15407
18132
20858
23584
26310
29036
31762
1719
5354
8080
10806
13531
16257
18983
21709
24435
27161
29886
32612
2570
5296
8022
10748
13473
16199
18925
5721
8447
11173
13899
695
3421
6147
8872
11598
14324
17050
19776
22502
25227
27953
30679
637
3363
6089
8814
11540
14266
16992
19718
22444
25169
27895
30621
579
3305
6031
8757
11482
31046
1004
3730
6456
9182
11908
14634
17359
20085
23720
26445
29171
31897
1855
4581
7307
10033
12758
15484
18210
20936
23662
26388
29113
31839
1797
4523
7249
9975
12700
15426
18152
4948
7674
10400
13126
15852
18577
21303
24029
26755
29481
32207
2164
4890
7616
10342
13068
773
3498
6224
8950
11676
14402
17128
3924
6650
9375
12101
31665
18462
21187
23913
26639
29365
32091
2049
4774
8409
11135
30699
657
3383
6108
25672
12469
15194
17920
20646
7442
10168
12894
15620
18346
21071
23797
26523
29249
31975
1933
4659
8293
11927
14653
17379
20105
22831
25557
28282
31008
966
3692
24165
10961
13687
16413
19138
21864
24590
27316
30042
16165
2725
5451
8177
10903
13629
16355
19080
21806
24532
27258
29984
32710
2667
5393
8119
10845
14479
17205
19931
22657
25383
28109
14905
17631
20356
23082
25808
28534
31260
1218
3943
6669
9395
12121
14847
17573
20299
23933
10729
13455
16181
18907
21632
8429
11154
13880
16606
19332
22058
8854
11580
14306
17031
19757
22483
25209
27935
30661
618
3344
6070
8796
11522
14248
16974
19699
22425
25151
27877
30603
17399
20125
22851
25576
28302
31028
1894
21459
25093
11889
14615
17341
20067
22793
25518
28244
30970
928
3654
6380
9105
11831
14557
17283
20009
22735
25460
28186
30912
870
3596
7230
26794
13591
16316
19042
21768
24494
27220
29946
32671
2629
5355
8081
10807
13533
16258
18984
21710
24436
27162
29888
32613
2571
5297
8023
10749
30313
17109
19835
22561
25287
28012
30738
696
20260
7056
9782
12508
15234
17960
20686
23411
26137
28863
31589
1547
6090
8816
11542
14267
16993
19719
22445
25171
27897
30622
580
3306
6032
8758
11484
14209
16935
19661
22387
25113
27839
30564
522
3248
5974
8700
11426
14152
16877
19603
22329
25055
27781
30507
464
20029
22754
25480
28206
30932
890
3616
6341
9067
11793
14519
17245
19971
23605
26331
29057
31783
1740
4466
7192
9918
12644
15370
18095
20821
23547
26273
28999
31725
1682
4408
8043
10769
14403
1199
3925
6651
9377
12103
14828
1624
4350
7076
9802
12528
15254
17980
20705
23431
26157
28883
31609
1567
4292
7018
10653
13379
16104
18830
5626
8352
11987
14712
17438
20164
22890
25616
28342
31067
1025
3751
6477
9203
28767
31493
1451
4177
6902
9628
12354
15080
17806
20532
23257
25983
28709
31435
1393
4119
6844
9570
12296
15022
17748
20474
23199
25925
28651
31377
1335
20899
23625
26351
29076
31802
18598
21324
24050
26776
29502
32228
19024
21750
24475
27201
29927
32653
2611
5337
8062
10788
13514
16240
18966
21692
24417
27143
29869
32595
2553
22117
24843
27569
31203
1161
3887
6613
9338
12064
14790
17516
20242
22968
25694
28419
31145
1103
3829
6555
9281
12006
31571
1528
4254
6980
9706
12432
31996
1954
4680
7405
10131
12857
15583
18309
21943
9648
12374
15100
17825
20551
23277
26003
27820
30546
504
4138
22794
9590
28246
31880
1838
4564
23219
25945
28671
31397
18193
20919
23645
26370
12258
32731
2688
5414
8140
10866
13592
32247
19043
4931
24495
27221
29947
32673
18560
5356
24921
27646
14442
18077
3964
6690
9416
13051
31706
1664
4390
23954
26680
13476
16202
19836
5724
8450
28922
16627
20262
7058
25713
29348
32074
2031
21596
7483
27047
12935
15661
18386
5183
23838
10634
29290
16086
19720
22446
9242
27898
14694
16511
3307
6033
26506
29232
98
2824
21480
8276
11002
13727
16453
19179
21905
7792
10518
13244
40
2766
21422
24148
10944
29599
32325
19121
5917
24573
27299
14095
16821
19547
22272
24090
27724
30450
17246
19972
22698
8585
28149
14037
16763
19489
22214
24940
27666
14462
16279
3076
5801
25366
11253
30817
775
3501
23065
9861
28517
31243
1200
4835
7561
10287
29851
16647
2534
22099
7986
27550
13438
16164
18889
5686
8411
27067
30701
19315
26100
9204
28768
31494
17382
21016
6904
25559
28285
15081
18716
21441
25076
10963
30528
16415
19141
5937
24593
27318
14115
16840
2728
5454
25018
10905
30470
16357
19083
5879
8605
27260
31804
1761
21326
24051
9939
12665
15391
2187
4913
7638
10364
13090
15816
2612
22176
24902
27628
13515
312
19876
5763
25327
28053
13941
16667
3463
22118
8914
27570
30296
254
19818
5705
25269
12066
13883
16609
19334
22060
24786
27512
30238
196
2922
5647
8373
27937
14733
1530
4255
22911
9707
28363
15159
17885
22428
25154
27879
30605
16493
3289
6015
24670
27396
30122
16918
3714
22370
25096
27821
30547
505
20069
6865
26430
29155
31881
17769
21403
7291
26855
29581
15468
18194
4990
23646
26372
29097
31823
1781
4507
24071
9959
29523
15410
19045
21771
24496
27222
13110
15836
2632
21287
24013
10809
29465
16261
18987
21713
8509
11235
29890
32616
2574
22138
8026
27590
30316
273
2999
5725
24381
11177
30741
699
3425
22080
8876
27532
13419
17054
2941
22505
26140
28866
31592
17479
20205
22931
9727
28382
15179
17904
20630
6518
26082
28808
15604
1491
4217
6943
26507
12395
31959
1917
4643
7368
10094
28750
31476
18272
4159
23723
26449
12337
15063
17788
4585
7310
10036
28692
32326
2284
21848
24574
10462
30026
32752
2709
5435
8161
27725
30451
16339
3135
5861
24516
27242
14038
16764
19490
22216
8103
28576
31302
17189
3985
6711
26275
29001
31727
17615
20341
7137
9862
12588
31244
11196
718
20283
23008
9805
12530
31186
1144
19799
23434
26160
12956
32520
2478
22042
24768
10655
13381
16107
2903
21559
7446
27010
13806
16532
2420
6054
8780
27436
30161
16958
2845
5571
9205
27861
30587
17383
20109
23743
26469
29195
15082
17808
4604
23260
26894
29620
16416
19142
21868
26411
30046
16842
19568
5455
25019
27745
13633
16358
3155
21810
8606
11332
14058
16784
19510
22235
24053
26778
14483
18118
20844
23569
10365
14000
16726
2613
5339
24903
27629
13517
313
3039
5764
8490
11216
13942
16668
19394
6190
24845
27571
30297
17093
2981
22545
25271
11158
14793
17519
3406
22970
25696
28422
31148
2014
4740
23396
10192
12918
15643
18369
5165
7891
10617
29273
31998
18795
4682
7408
26972
29698
15585
2382
5107
23763
26489
29215
16011
1898
4624
7350
26914
12802
32366
2324
5049
23705
10501
13227
15953
1840
4566
24130
26856
29582
32308
18195
4992
7717
26373
13169
31825
18621
21347
7234
26798
12686
32250
18137
6751
9477
28132
30858
18563
4450
7176
25832
28557
31283
1241
3967
6693
9419
12145
14870
18505
21231
23956
26682
29408
32134
2092
21656
24382
12995
700
19355
6152
24807
27533
14329
217
2943
5668
25232
27958
30684
642
20206
6094
25658
11545
14271
1067
20631
6519
9245
11971
14697
17422
20148
6944
25600
12396
31052
17848
3735
23299
10096
28751
31477
1435
4161
24633
11429
30085
16881
19607
22333
25059
27784
30510
468
19124
5920
8646
27301
30027
32753
2711
5437
25001
27727
30452
1319
4045
6771
9496
12222
14948
17674
3561
6287
25851
11739
14465
18099
4895
7621
10347
13073
15799
18525
5321
8047
10772
13498
294
3020
5746
24402
27127
29853
16649
20284
6171
26644
13440
16166
18892
21618
24344
27069
14774
662
20226
22952
8839
28403
14291
1087
3813
22468
25194
29737
32463
19259
5147
24711
27437
30163
121
2846
22410
25136
27862
30588
1454
4180
23744
26470
12358
31922
2788
5514
25078
28713
31439
1397
20961
6848
9574
12300
15026
17752
20477
23203
25929
29564
15451
2247
4973
23629
26354
13151
15876
18602
4490
7216
9941
29506
32231
3098
21753
24479
27205
29931
16727
19453
22179
24905
14427
17152
3949
6674
10309
13035
31690
1648
4374
8008
30298
17094
19820
5708
25272
16611
19337
5225
7950
10676
14311
198
2924
5650
25214
27940
14736
624
3349
22914
25639
28365
31091
1957
20613
23339
26065
12861
15587
2383
5109
23764
27399
13286
16012
2808
21464
8260
10986
13711
16437
5051
7777
27341
30067
16863
2750
22314
25040
27766
13654
450
3176
5901
25466
11353
14079
16805
19531
22256
9053
27708
14504
392
19956
6752
25408
12204
30859
17655
20381
23107
25833
28559
19898
22624
13963
32619
19415
22141
8028
27592
13480
276
3002
5728
8453
27109
13905
701
3427
6153
24808
11605
14330
218
2944
5670
8395
27960
13847
17482
4278
7004
25659
28385
15181
17907
3794
23359
26993
13789
16515
2403
21967
7854
10580
13306
16032
2828
5554
8280
11005
29661
32387
19183
21909
7796
26452
13248
44
2770
5496
24151
27786
30512
16399
20034
5921
24577
27302
30028
895
4529
25002
10890
13615
16341
19067
5863
8589
11315
14041
16767
2654
5380
8106
27670
13557
354
3079
5805
8531
11257
14891
1687
20343
7139
9865
28521
31246
18043
20768
6656
26220
29854
32580
2538
22102
7990
10716
13442
16167
18893
4781
7507
10232
29797
16593
19319
22044
7932
27496
30222
180
2906
5631
24287
27013
13809
32464
19261
21986
24712
10600
30164
16051
18777
5573
8299
26955
13751
16477
2364
21928
7816
10542
13268
64
2790
6424
25080
27805
30531
17327
20053
22779
25505
12301
15027
17753
3640
6366
9092
11818
31382
1340
19995
6792
26356
29082
31807
1765
4491
7217
9943
12669
16303
3099
21755
10368
13094
15820
18546
4433
7159
26723
12611
15336
18062
4858
23514
10310
13036
31691
18488
21213
7101
26665
12553
15278
2075
4800
7526
10252
12978
15704
1591
21155
7952
11586
14312
199
19764
5651
25215
27941
30667
17463
3351
6076
8802
28366
31092
18797
21523
24249
26975
12862
32426
2384
21040
23765
27400
13287
84
20556
23282
26008
29642
509
19164
21890
8686
27342
14138
16864
19590
22316
25041
27767
30493
16381
3177
5903
25467
28193
30918
16806
3602
6328
9054
27709
30435
17231
3119
22683
25409
11296
30861
818
20383
23108
26743
12630
15356
2152
4878
24442
10330
13056
32620
2578
5303
8029
26685
29411
16207
2094
4820
7546
27110
13906
32562
4337
13848
17483
4279
7005
25660
12456
161
2887
5613
25177
12882
15608
1495
21059
6947
26511
12399
16942
3738
6464
9189
28754
31479
1437
4163
22819
9615
12341
15066
17792
3680
23244
9131
28696
15492
2288
5014
7740
10465
30030
32755
18643
5439
24095
10891
29546
16342
3139
4956
8590
11316
30880
838
20402
23128
26763
12650
32214
18102
20828
23553
10350
13075
31731
1689
21253
7140
26705
29430
32156
2114
20770
7566
10292
28947
31673
18469
4357
23921
9808
12534
15260
17986
3873
7508
26163
12960
15685
18411
21137
7025
9750
12476
32040
2907
21562
8359
11084
31557
1515
4241
6967
9692
12418
15144
1032
3757
23322
9209
28773
15569
18295
21021
23747
26473
29199
31924
18721
5517
8243
10968
13694
16420
19146
21872
24598
27323
14120
16845
19571
22297
9093
28657
15454
18179
20905
23631
26357
29083
31809
1766
4492
7218
9944
12670
15396
18121
20847
23573
26299
29025
31751
1708
4434
8069
10795
13520
16246
18972
21698
24424
27150
29875
32601
2559
5285
8011
10737
30301
259
2985
5710
8436
11162
13888
16614
3410
6136
8862
11587
14313
17039
19765
22491
25217
27942
30668
626
3352
6078
8804
28368
31094
1051
3777
6503
9229
11955
14681
18315
22858
26493
13289
16015
18740
21466
24192
26918
14623
17348
20074
6870
26435
30978
936
3661
6387
9113
11839
14565
17291
20016
22742
25468
28194
30920
878
3603
6329
9055
11781
31345
1303
4029
6755
9480
12206
14932
17658
20384
23110
25835
28561
31287
1245
3971
6697
9422
12148
14874
17600
20326
23052
25778
28503
31229
1187
3913
6639
9365
12090
14816
17542
21176
7973
10698
13424
220
2946
5672
9307
12032
31597
2463
22027
25662
28387
31113
1071
3797
23361
26087
28813
31539
1496
4222
6948
9674
12400
15126
17851
20577
7373
10099
12825
15551
5073
7799
10525
13250
15976
18702
23245
10041
12767
15493
18219
7741
10467
30031
32757
2715
5440
8166
30456
414
3140
5866
8592
28156
30882
839
3565
6291
9017
11743
14469
17194
19920
22646
12168
14894
17620
21254
23980
26706
29432
32158
2115
4841
7567
10293
29857
16653
3449
7084
9810
12535
15261
17987
20713
23439
26165
28890
31616
1574
4300
23864
26590
29316
16112
2908
5634
8360
27924
30650
608
3333
6059
8785
11511
14237
16963
19688
6485
9210
11936
15571
2367
5093
7819
10544
13270
15996
18722
21448
24174
26899
29625
32351
2309
5035
7761
27325
30051
8
2734
5460
8186
10912
13638
16363
19089
21815
24541
11337
14063
16789
19515
22240
24966
28601
31327
1284
4010
6736
9462
12188
14914
17639
20365
7161
9887
12613
16248
18973
21699
24425
27151
29877
32603
2560
5286
8012
10738
13464
16190
18915
21641
24367
27093
29819
32545
2502
5228
7954
10680
13406
16132
19766
6562
9288
28852
627
3353
6079
8805
11531
14257
16982
19708
23343
26068
28794
31520
3295
6021
8747
11473
15107
18742
21467
27828
14624
17350
20076
22801
25527
28253
30979
937
3663
6388
9114
11840
14566
17292
20018
23652
29104
31830
18626
21352
24077
26803
29529
32255
2213
4939
7664
10390
13116
15842
18568
21294
24019
26745
29471
32197
2155
4881
7607
11241
13967
16693
19418
22144
24870
27596
30322
280
3006
5731
8457
11183
13909
16635
19361
22086
24812
27538
30264
222
2948
5673
8399
11125
13851
16577
19303
22028
24754
27480
30206
164
2890
5615
25180
27905
30631
589
3315
6041
8767
11492
14218
1014
20579
23304
26030
28756
31482
18278
21004
7800
10526
13252
15978
18703
21429
24155
26881
30515
473
3199
5925
8651
11377
14102
16828
19554
22280
25006
27732
30457
415
3141
5867
8593
11319
14044
16770
19496
22222
24948
27674
30400
357
3083
5809
8535
11261
13987
16712
19438
22164
24890
27616
30342
299
3025
5751
8477
11203
13929
1633
4359
7085
9811
29375
32101
2059
4785
7510
10236
12962
15688
18414
21140
23865
26591
29317
184
2909
5635
8361
11087
13813
16539
19264
21990
24716
27442
30168
126
2851
5577
8303
11029
13755
16481
19206
21932
24658
27384
14180
16906
19632
22358
25083
27809
30535
493
3219
5945
8670
11396
14122
16848
19574
22300
25026
27751
30477
435
3161
5887
8613
11338
14064
16790
19516
22242
24968
27693
30419
377
3103
5829
8555
11280
14915
17641
20367
23092
25818
28544
31270
1228
3954
6679
9405
12131
14857
17583
20309
23034
25760
28486
31212
1170
3896
6621
9347
12073
14799
17525
20251
22977
25702
28428
31154
1112
3838
6564
9289
12015
14741
17467
20193
22919
25644
28370
31096
1054
3780
6506
9231
11957
14683
17409
20135
22861
25586
28312
31038
996
3722
6448
9173
11899
15534
18260
20985
23711
26437
29163
31889
1847
4572
7298
10024
12750
15476
18202
21836
25471
28196
30922
880
3606
6332
9058
11783
14509
17235
19961
22687
25413
28138
30864
822
3548
6274
9000
11726
14451
17177
19903
22629
9425
12151
14877
17603
20328
23054
25780
28506
31232
1190
3915
6641
9367
12093
14819
17545
20270
22996
25722
28448
31174
2040
4766
7492
10218
12944
15669
18395
21121
23847
26573
29299
32024
1982
4708
7434
10160
12886
15611
18337
21063
23789
27423
30149
107
2833
5559
8285
11010
13736
16462
19188
21914
24640
27365
30091
16887
19613
22339
25065
27791
30517
474
3200
5926
8652
11378
14104
16830
19555
22281
25007
27733
30459
417
3142
5868
8594
11320
14046
17680
20406
7202
9928
12654
15380
18106
20831
23557
26283
29009
31735
1693
4418
7144
9870
12596
15322
18048
20773
23499
26225
28951
31677
1635
4360
7086
9812
12538
15264
17990
20715
8420
11146
30710
18415
21141
23867
27501
31136
1093
3819
6545
11088
13814
16540
19266
21991
24717
27443
30169
127
2853
5579
8304
11030
13756
16482
19208
21934
25568
28294
31020
978
3703
6429
9155
11881
14607
17333
20058
22784
25510
28236
30962
920
3645
6371
9097
11823
14549
17275
20000
22726
25452
28178
30904
862
3587
6313
9039
28603
15399
18125
20851
23577
26303
29029
31754
1712
4438
7164
9890
12616
15341
18067
20793
23519
26245
28971
31697
1654
4380
7106
9832
29396
32122
2080
4806
7531
11166
13892
16617
19343
22069
24795
27521
30247
205
2930
5656
8382
11108
13834
16560
19285
22011
24737
27463
30189
147
2872
5598
8324
11050
13776
16502
19227
21953
24679
27405
30131
89
2814
5540
8266
10992
13718
16444
19169
21895
24621
27347
30073
31
2757
5482
8208
10934
13660
16386
19112
21837
24563
27289
30015
32741
2699
5424
8150
11785
14511
17236
19962
22688
25414
28140
30866
823
3549
6275
9001
11727
14453
17178
19904
22630
25356
28082
30808
765
3491
6217
8943
11669
31233
1191
3917
6642
26207
28932
31658
1616
4342
7068
9794
12519
15245
17971
20697
23423
26149
28875
31600
1558
4284
7010
9736
12462
15187
17913
20639
7435
11978
14704
17430
20156
22882
25607
29242
31968
1926
4651
7377
10103
12829
15555
18281
21006
23732
26458
29184
31910
1868
4593
7319
10045
12771
15497
18223
20949
23674
26400
29126
31852
1810
4536
7261
9987
12713
15439
18165
20891
23616
10413
13138
15864
18590
21316
24042
26768
29493
32219
2177
4903
7629
10355
13080
15806
18532
21258
23984
26710
29435
32161
2119
4845
7571
10297
13931
16657
19383
22109
24834
27560
30286
16174
2970
5696
8422
27077
13873
16599
2487
5212
24777
10664
30228
16116
2912
22476
25202
11089
30654
16541
19267
6063
24719
27444
14241
16966
2854
22418
25144
27870
30596
16483
19209
21935
8731
10548
30112
16908
19634
22360
25086
27812
30538
495
3221
21877
24603
11399
14125
16851
19576
22302
25028
10916
31388
17276
4072
22728
9524
28179
30905
17701
20427
6315
9040
28605
14492
1288
4014
22670
9466
12192
30847
17643
3531
23095
8982
28547
14434
1230
3956
22612
25337
12134
30789
17585
20311
6199
8925
11650
14376
1172
19828
22554
9350
12076
14802
17527
20253
22979
25705
11592
31157
1114
19770
6566
25222
27947
30673
17469
20195
6083
25647
29281
32007
17895
20621
23346
26072
12868
15594
2390
21046
7842
26498
13294
31949
1907
4633
7359
26923
12810
15536
2332
20988
23714
10510
13236
31891
1849
21413
7301
10027
12753
15478
18204
5000
7726
10452
13178
31833
18630
21355
24081
26807
29533
32259
2217
4942
23598
10394
29050
15846
18572
21297
24023
26749
29475
32201
2159
20814
7610
10336
13971
15788
2584
5310
8036
27600
30326
283
3009
21665
24391
11187
13913
18456
4343
23907
9795
12521
31176
17972
4769
23424
26150
12946
31602
18398
4285
7011
26575
13371
16097
18823
4711
7436
27001
12888
15614
2410
21066
7862
26517
13313
16039
18765
4653
7379
10104
29669
15556
2352
5078
23734
10530
13256
52
18707
5503
24159
26885
29611
477
20041
6837
9563
28219
15015
17741
20467
23192
9080
28644
14532
1328
4054
22709
25435
12231
30887
17683
20409
23134
9022
11748
31312
17199
19925
6721
25377
28103
14899
16716
19442
22168
8964
28528
15324
1212
3938
23502
9389
12115
14841
17567
20293
7089
9815
12540
31196
1154
3880
23444
9331
12057
14783
1579
20235
22961
25686
12483
31138
18843
4730
24295
27020
29746
32472
2430
5156
23811
10607
29263
31989
18785
4672
24237
10124
29688
15576
2372
5098
7824
26479
29205
31931
1889
4614
7340
25996
28722
15518
18244
5040
23695
26421
29147
15943
1831
21395
24121
26847
12734
32298
2256
21820
24546
27272
29998
32724
2681
5407
8133
10859
13585
16311
19036
21762
24488
27214
29940
16736
19462
6258
24913
27639
30365
17161
19887
22613
8500
11226
13952
748
3474
6200
24855
27581
30307
17103
19829
22555
8443
11168
13894
16620
3416
22980
25706
28432
31158
1116
3841
6567
26131
12928
15653
1541
21105
23831
9719
12444
32008
17896
20622
23348
26074
12870
15596
18321
21047
23773
26499
29225
15112
17838
20564
23290
9177
11903
14629
18263
20989
7785
27350
30075
16872
2759
22323
8211
11845
14571
459
3184
5910
25474
28200
30926
18631
21357
8153
27717
30443
401
3126
21782
25416
28142
14938
17664
3552
23116
9003
28568
31293
1251
3977
22633
25358
28084
14880
1677
4402
23967
26692
29418
32144
18032
4828
23483
26209
28935
31661
18457
4345
23909
9796
12522
32086
17974
20700
24334
11130
13856
16582
19308
5195
7921
10647
30211
169
18824
5621
24276
11072
13798
16524
2411
21976
7863
27427
13315
16041
18766
5563
8288
26944
13740
16466
19192
5079
24643
11440
14165
53
2779
22343
25069
10956
13682
16408
19134
21860
24585
27311
14107
16833
2721
5447
25011
10898
30463
420
19076
5872
24528
27253
29979
16775
2663
6297
25862
11749
14475
17201
3997
6723
9449
12174
30830
17626
20352
7148
25804
12600
31255
1213
3939
23503
9391
28955
31681
17568
20294
23020
9816
12542
31197
1155
3881
6607
9333
12058
31623
17510
4306
23870
9758
29322
15210
2006
4732
23387
10183
12909
15635
18361
21087
6974
9700
29264
15152
17878
20603
7400
10125
12851
1465
20120
22846
10551
29206
31932
18728
21454
7342
10067
29632
32357
18245
20971
23697
10493
29148
15944
18670
4558
24122
10009
29574
15461
18187
4983
23639
10435
13161
31816
18612
21338
7226
9952
12677
32242
18129
20855
23581
10377
29032
15829
18554
21280
7168
26732
14437
1233
3959
6684
9410
28066
30792
750
3475
6201
25765
28491
31217
17105
3901
22556
25282
28917
31642
18439
21164
7960
10686
29342
16138
2026
21590
24316
10203
12929
15655
18381
21106
23832
26558
29284
16080
1968
21532
24258
10145
29709
15597
18323
21048
7845
26500
29226
31952
1910
21474
7361
26925
29651
15539
2335
20991
23716
10512
12330
15964
18690
21416
24142
26868
12755
32319
2277
5003
7729
10455
13180
31836
18632
21358
7245
26810
13606
402
3128
5854
8579
27235
29961
16757
2644
22209
24934
10822
13548
16274
18999
21725
8521
27177
29903
32629
19425
22151
24876
27602
13490
286
3012
5738
8464
27119
13915
16641
19367
5254
23910
10706
13432
16158
2954
5680
8406
27061
29787
32513
19309
22035
7922
27486
13374
170
2896
5622
25186
11073
30638
595
3321
6047
8773
12407
15133
1021
3747
23311
26037
28762
14650
17376
20102
6898
9624
28279
31005
963
20527
6415
25979
28704
31430
19135
21861
23678
26404
13200
15926
2722
21378
24103
10900
13625
32281
19077
21803
7691
10416
29980
32706
18594
21320
8116
10842
13568
16293
19019
21745
24471
10358
13084
32648
18536
21262
23988
26713
29439
16235
18961
4849
24413
10300
30773
731
3457
22112
8909
27564
30290
248
19812
5699
8425
27989
13877
16603
3399
22054
8851
27506
30232
17028
19754
22480
8367
27931
13819
16545
19271
21997
8793
27448
14244
16970
19696
22422
25148
11944
30599
557
4192
22847
9643
12369
31025
17821
20547
6434
9160
28724
31450
1408
20063
6860
9585
28241
30967
925
3650
23215
9102
28666
15462
2259
4984
7710
26366
13162
15888
1775
20431
23157
25883
12679
15404
2201
4926
23582
10378
29034
15830
1717
21281
24007
26733
29459
15347
2143
4869
7594
27159
13046
15772
18498
21224
23949
27584
13471
268
18923
5719
8445
11171
13897
693
3419
6145
8870
11596
14322
17048
19774
22500
8387
11113
30677
635
3361
6087
8812
27468
14264
1060
3786
23350
26985
29711
577
20141
6029
8754
28319
14206
1002
20566
23292
10088
12814
15540
18266
4153
23718
9605
12331
15965
19600
5487
8213
10939
30503
461
3187
21842
24568
11364
2704
21359
24085
26811
12698
17241
20876
23602
26328
13124
828
3554
6280
16217
13916
713
3438
6164
25728
28454
31180
1138
4772
23428
26154
28880
16584
2472
22036
24762
27488
30214
17010
19736
6532
26096
11983
14709
18344
4231
6957
10591
30156
113
3748
22403
9200
27855
14651
18286
4173
23737
9625
12351
31915
18711
4599
7324
26889
12776
15502
18228
5024
7750
27314
30040
32766
18653
5449
24105
10901
30465
16353
3149
5875
8600
28165
30890
848
3574
6300
9026
11752
14477
17203
19929
7634
10360
13086
31741
1699
4425
7151
26715
12602
15328
18054
4850
8485
28957
17571
4367
8001
27565
30291
249
3883
6609
26173
28899
31625
1583
4309
7035
9761
12486
31142
17938
20664
23390
10186
28841
15638
18363
21089
6977
10611
29267
16063
18789
21515
7402
10128
29692
32418
2376
21031
7827
10553
30117
16005
2801
5527
24182
26908
29634
501
19156
21882
24608
28242
30968
926
19581
6378
9103
11829
14555
17281
20007
22733
25458
29093
31819
1777
20432
7228
9954
28610
15406
18132
4019
23583
26309
29035
31761
1719
4444
7170
25826
12622
31277
18074
20799
6687
26251
28977
14865
1661
20316
7112
27585
14381
269
19833
5720
25285
12081
14807
17532
4329
22984
9780
28436
31162
2028
3845
6571
26135
12931
15657
1545
4271
6996
9722
12448
32012
1970
4696
23351
10148
28803
31529
18325
21051
6939
9664
12390
31954
17842
4638
23294
26019
12816
31471
18267
4155
6881
9606
12332
31896
1854
4580
23236
25961
28687
15483
18209
4097
23661
26387
12274
31838
18635
4522
7248
9974
12700
32264
3130
5856
10399
13125
15851
2647
22211
8099
10824
30389
18093
5798
24454
27180
29905
16701
19427
22153
24879
27605
30331
289
3014
5740
8466
11192
13918
16644
19369
22095
24821
27547
30273
231
2956
22521
8408
11134
30698
17494
20220
6108
25672
12468
15194
17920
20645
23371
25188
27914
30640
598
20162
6958
9684
12410
31065
17862
20587
23313
26039
28765
31491
1449
20104
22830
27373
13261
57
18712
5508
24164
26890
29616
16412
20046
5934
8660
11385
14111
16837
19563
22289
25015
27740
30466
1333
4059
6784
9510
28166
30892
849
20414
23139
25865
28591
31317
1275
4001
6726
26291
29016
31742
1700
4426
7152
9878
12603
15329
18055
20781
23507
10303
13029
15755
18481
21206
23932
26658
29384
32110
2068
6611
9336
12971
15697
18423
21148
23874
26600
29326
32052
2010
4735
7461
10187
12913
15639
18365
21090
23816
26542
13338
16064
18790
21516
24242
26967
29693
32419
2377
5103
7829
10555
13280
16006
18732
21458
24184
26910
29635
32361
2319
5045
7771
10497
13222
15948
18674
21400
24126
26852
29577
32303
2261
4987
7713
10439
13164
15890
18616
21342
24068
26794
30428
386
19950
22676
25402
28128
30853
811
3537
6263
25827
28553
15349
18075
4871
7597
10323
13049
15774
18500
21226
23952
27586
30312
270
2996
22560
25286
28012
32555
2513
5238
8873
31163
1121
3847
6572
9298
12024
14750
3363
6089
8815
11541
14267
16992
19718
22444
25170
27896
30622
579
3305
6031
8757
11483
31047
1005
3731
6457
10091
12817
15543
18268
20994
23720
26446
29172
15968
18694
21420
24145
26871
29597
32323
2281
5007
7733
10458
30022
32748
2706
5432
8158
10884
13610
406
3132
5857
8583
11309
14035
16761
19487
6283
9009
11734
14460
17186
19912
22638
25364
28998
32632
2590
5316
8042
10768
13494
16219
18945
21671
8467
11193
13919
16645
19371
22096
24822
27548
31183
1140
3866
6592
9318
12044
14770
17495
20221
22947
25673
28399
31125
1083
3808
6534
9260
11986
14712
17438
20163
22889
25615
28341
31067
1025
3750
6476
9202
11928
14654
17380
20105
22831
25557
28283
31009
967
3692
6418
9144
11870
14596
17322
20047
22773
25499
28225
30951
909
3635
6360
9086
11812
14538
17264
19990
22715
25441
29076
31802
18598
21323
24049
26775
29501
32227
2185
4911
7636
10362
13088
15814
18540
21266
23991
26717
29443
32169
2127
4853
7578
10304
13030
15756
18482
21208
23933
26659
29385
32111
2069
4795
7520
10246
12972
15698
18424
22058
24784
11580
15215
17941
20666
24301
27935
619
4253
6979
9705
12431
15157
17883
20608
23334
26060
28786
31512
1470
5104
7830
26485
13282
31937
18733
4621
24185
10072
12798
16433
2320
21884
7772
27336
13224
20
2746
5471
8197
10923
29579
32305
2262
4988
7714
27278
13166
15892
2688
21343
24069
10865
13591
32247
19043
21769
7656
10382
13108
15834
2630
5356
24011
26737
13533
32189
18985
5781
24436
27162
29888
32614
2572
22136
24862
10749
30313
16201
18927
23470
9357
28922
14809
17535
4331
22987
25712
28438
31164
1122
20686
23412
9299
28864
14751
17477
20203
22929
25655
28380
15177
1064
3790
6516
26080
11967
14693
1489
20145
22871
9667
12393
31048
17844
3732
23296
9184
11909
31474
17361
4157
22813
25539
28264
15061
948
3674
23238
25964
11852
14577
1373
20029
6825
9551
12277
15003
890
20454
24089
9976
29540
32266
19971
22697
8584
11310
14036
17671
3558
23122
9010
28574
14461
1258
19913
22639
9435
12161
14887
774
20338
6226
25790
28516
14404
1200
3925
22581
25307
12103
14829
17555
20281
23006
25732
11620
14346
17071
3868
22523
25249
27975
30701
17497
3384
22948
8836
28400
31126
17013
19739
22465
9261
11987
14713
600
3326
6961
9687
29251
117
2843
5569
8295
11021
13746
15564
18289
21015
23741
26467
29193
31919
1877
4602
7328
10054
12780
15506
18232
20957
23683
26409
29135
31861
1819
4544
25017
10905
13631
427
19082
21808
24534
27260
29986
16782
2669
5395
24959
27685
13573
369
19024
5820
8546
11272
29928
32653
2611
22175
24901
10789
13515
311
3037
5762
25327
28052
14849
17574
3462
23026
25752
11639
14365
1161
20726
23451
26177
28903
31629
17516
4313
22968
25694
12490
31146
1104
3829
23393
9281
28845
31571
17459
20184
6981
9706
12432
31996
1954
20610
7406
26061
28787
15583
18309
21035
6923
9648
12374
15100
1896
4622
23278
26003
28729
31455
18251
4139
23703
9590
13225
15951
1838
21402
25037
10924
30489
446
3172
5898
24554
11350
30914
16801
20436
7232
27705
32248
2206
20861
23587
10383
13109
15835
1722
21287
24012
9900
29464
15352
18077
20803
7599
26255
28981
15777
18503
4390
23954
9842
12568
32132
18019
20745
23471
10267
28923
15719
1607
21171
7058
9784
29348
32074
2032
4758
7484
26139
28865
31591
18387
21113
23839
26564
13361
16086
2883
22447
25173
11969
14694
582
20146
6034
8760
11485
31050
16937
19663
6459
25115
11911
30566
524
4159
6884
25540
28266
15062
17788
3675
23239
25965
28691
31417
1375
20030
6826
25482
28208
30934
17730
20456
23181
9069
28633
14521
1317
19972
7677
27241
13129
32693
18580
5377
24032
10828
13554
16280
2167
4893
24457
10345
13071
776
3501
6227
24883
27609
14405
17131
19856
22582
25308
28034
30760
718
3443
6169
8895
11621
31185
17073
20707
23433
10229
28885
31610
18407
5203
7929
27493
13380
16106
18832
21558
25192
27918
29735
602
19257
6053
25618
28343
15140
1027
3753
23317
10113
28769
31495
18291
21017
23742
9630
29194
15082
1878
4604
23259
25985
28711
15507
2303
5029
7755
26410
13206
15932
18658
4546
24110
26836
12723
16358
2245
20901
23627
26352
29078
31804
18600
21326
24052
26778
29504
16300
19026
21751
8548
27203
29929
795
3521
6247
9881
28537
31263
2129
4855
23511
28054
13941
737
20302
23936
9824
12549
32113
2071
4797
7523
10249
12975
32539
2497
21152
7948
10674
13400
16126
2013
4739
24303
27029
29755
32481
2439
5165
23820
26546
13342
16068
1955
5590
8316
11042
14676
2381
5107
23762
10558
29214
16010
18736
21462
8258
10984
29639
16435
19161
5049
7775
10500
30064
22
18678
5474
8200
26855
13652
16377
19103
21829
24555
27281
30007
32732
2690
5416
8142
10868
13594
16319
19045
22680
27223
29949
32674
2632
5358
8084
10810
14444
17170
19896
22622
25348
28073
30799
757
3483
23047
25773
28499
31225
1182
3908
22564
9360
28015
14812
17537
3425
6151
25715
11603
31167
1125
3850
22506
8393
27958
14754
17480
3367
6093
25657
28383
14270
16996
3792
6518
9244
11970
14696
583
3309
6035
8761
27416
14212
16938
19664
22390
25116
27842
30568
525
20089
5977
8703
29176
31901
18698
4585
24149
26875
12763
32327
2285
20940
7736
26392
13188
32752
2710
21365
8162
26817
13613
16339
19065
21791
24517
27243
29968
32694
18582
5378
24033
26759
13555
16281
19007
21733
7620
27185
29910
15798
18524
21250
8046
10772
13497
32153
2111
21675
7562
27127
29852
32578
18466
5262
7988
10714
13439
16165
2053
21617
24343
27069
13865
661
3387
22042
8838
11564
14290
17016
2904
5629
8355
27919
30645
16533
3329
21984
8781
27436
14232
1028
3754
6480
9206
27861
30587
17383
3271
6905
25561
28287
31013
970
20535
6422
25986
11874
31438
17325
4122
6847
25503
28229
15025
2730
22294
8181
27746
30471
16359
3155
5881
8607
12241
30897
17693
3580
6306
25870
11758
14484
2188
4914
23570
10366
13092
15818
1705
21269
23995
9883
29447
15334
18060
20786
7582
10308
28964
15760
1647
4373
7099
26663
29389
32115
18002
4798
7524
26180
28906
31631
18428
21153
7041
9767
29331
32057
2015
20670
23396
10192
28848
15644
1531
21096
6983
9709
30182
139
18795
21521
24247
26973
13769
32424
2382
5108
7834
27398
30124
16011
3716
6442
9168
27823
14619
507
20071
5959
25523
11410
14136
932
20496
23222
25948
11836
14561
1358
4083
6809
25465
12261
30916
17713
3600
23164
9052
11778
14503
17229
19955
6751
9477
12203
14929
17655
20380
23106
8994
28558
31284
17171
19897
6693
25349
28075
30801
758
20323
23048
25774
28500
14388
17113
19839
23474
9361
12087
14813
2518
21173
7969
26625
29351
32077
2034
4760
24324
10212
12938
32502
2460
5186
23841
26567
13363
32019
1976
4702
29718
1493
21057
24692
10579
13305
101
2827
4644
7370
10096
12822
16456
19182
22817
8704
11430
30994
16882
19607
22333
9129
27785
14581
469
3195
5920
29119
1803
4528
24093
10889
13615
32270
19066
21792
25427
27244
14040
16766
19492
22217
9014
11739
14465
353
21734
24460
10348
29912
32638
2595
21251
8047
14407
3021
6655
26219
12107
14833
17558
3446
23010
9806
29370
32096
2054
20710
23435
26161
31613
1571
4297
7023
25678
28404
31130
17926
20652
23378
14717
3330
6056
25620
12416
15142
1030
20594
6481
9207
28771
31497
18293
21928
7815
10541
30105
18719
4606
7332
10058
29622
15509
18235
20961
7757
26413
16843
5457
25021
11817
14543
1339
19995
22720
9517
12242
14968
856
20420
23146
25872
11759
17211
3098
22663
25388
11276
30840
16728
3524
6250
24905
11701
18061
23513
10309
29873
32599
18487
5283
8009
26664
13460
16186
18912
5708
8434
27998
13886
1591
4316
22972
9768
12494
15220
1107
3833
23397
9285
28849
19280
23823
10619
14253
141
2867
22431
25157
27882
13770
566
20130
22856
10561
13287
31942
18738
21464
7352
26916
12803
32368
2325
5051
7777
26433
13229
3659
25041
11837
14563
17289
4085
22740
9536
12262
14988
17714
21348
8144
26800
29526
32252
19048
4935
24499
28134
14021
16747
3543
22199
8995
11721
14447
20807
26259
29893
15781
2577
5303
23958
26684
29410
276
3002
23475
10271
12997
15723
18449
21174
7062
9788
12514
32078
2036
20691
23417
10213
12939
31595
22025
27477
31111
17907
20633
6521
26085
28811
15607
1494
21059
23784
9672
29236
31962
1920
20575
23301
26027
14640
528
20092
23726
9614
29178
15066
1862
25060
13674
470
3196
22760
25486
28212
15008
18642
21368
24094
11799
14524
412
3138
5864
25428
28154
14041
16767
19493
22219
24945
11741
30396
354
3080
26278
14892
1688
20344
7140
9866
28521
15317
18043
20769
23495
26221
28946
31672
1630
4356
7082
9808
12533
17076
19802
22528
25254
27980
30706
1572
4298
27497
16110
1997
21562
24287
27013
12901
32465
2423
5149
7874
10600
29256
16052
18778
21504
10117
29681
32407
18295
5091
23746
26472
29198
31924
18720
4607
27806
490
2307
5033
24597
27323
30049
16845
19571
22296
25022
10910
14544
432
19996
22722
25448
11335
14061
1766
4492
23147
25873
12669
31325
18121
20847
27207
799
20363
23089
25815
28541
31267
17154
3950
6676
9402
12128
31692
1650
4376
7101
9827
12553
1167
3892
6618
9344
12070
14796
17522
20247
11587
200
18855
5652
8377
11103
29759
16555
19281
22007
24732
27458
14254
1051
19706
6502
25158
11954
32427
2385
21949
7836
27400
30126
16014
18740
5536
28734
509
20074
23708
26434
29160
31886
17773
20499
7295
10021
15473
1360
4086
6812
26376
12263
14989
17715
20441
23167
9963
12689
32253
18140
4937
29044
17657
3545
6271
25835
11722
14448
1244
3970
6696
25351
12148
14873
17599
22142
24868
27594
13481
16207
18933
5729
8455
11181
13907
16633
2520
22084
12515
17058
20692
7489
26144
28870
16575
2462
22026
7914
27478
30204
16091
18817
21543
8339
26995
15608
18334
5130
7856
10582
13308
16033
18759
21485
24211
14642
19185
5981
8707
12341
15067
17793
20519
23244
25970
11858
15492
18218
5014
7740
10466
13192
31847
17735
5440
25004
27730
30455
413
19977
5865
8591
14951
3564
6290
9016
28580
31306
1264
3990
6716
8533
12167
14893
18528
21253
23979
26705
29431
32157
2115
4840
7566
10292
13018
15744
18470
21195
23921
26647
29373
32099
2057
27072
15686
1573
21138
7025
26589
13385
17928
20654
23380
10176
12902
607
3333
6058
8784
11510
14236
16962
19688
22414
25139
27865
30591
549
3275
24656
14178
974
3700
6426
25990
12786
491
20055
5943
26415
13212
31867
18663
4551
24115
10002
29567
1342
21814
7702
27266
29992
32718
18605
5401
8127
10853
30417
16305
3101
5827
8553
11278
14004
16730
19456
22182
24908
27633
30359
317
18973
5769
8495
11220
29876
32602
2560
5286
24850
10737
30301
259
2985
5711
8437
11163
29818
32544
19340
5228
7953
27518
30243
16131
2927
22491
26126
28851
31577
1535
20191
6987
25642
12439
15164
17890
20616
6504
26068
11955
14681
1477
20133
22859
9655
12381
31036
17832
20558
6446
9171
28736
14623
1419
4145
6871
9597
12323
30978
17774
21409
24135
26860
29586
32312
2270
4996
23651
11356
31829
2695
22259
9056
11781
14507
17233
19959
23593
10390
13115
15841
1729
4455
24019
26745
15358
18084
20810
23535
26261
12149
14875
17600
21235
23961
10757
13483
16209
2096
21660
8456
27112
14817
704
3430
22994
25720
28446
1130
3855
22511
9307
28871
14759
1555
22028
25662
12458
15184
1072
3797
6523
9249
11975
31539
18335
21061
6949
9674
12400
31964
2831
22395
8283
27847
30573
17369
3256
6891
26455
29181
15977
2773
5499
25063
11859
14585
17311
20037
22762
25488
28214
30940
898
3624
6349
9075
11801
14527
18161
20887
23613
10409
13135
15861
18587
21313
24038
26764
29490
32216
2174
4900
7625
10351
13077
15803
18529
21255
23981
26706
29432
32158
2116
4842
7568
10293
13019
15745
18471
21197
23923
26648
29374
32100
2058
4784
7510
10235
12961
15687
18413
21139
23865
27499
30225
183
2909
5634
8360
11086
13812
16538
19264
21989
24715
27441
30167
125
2851
5576
8302
11028
30592
550
4185
22840
9636
12362
15088
17814
3701
23265
25991
28717
14605
17331
4127
22782
9578
28234
15030
17756
3643
23208
9095
28659
31385
1343
19998
6795
25450
28176
30902
860
3585
23150
26784
12672
32236
18123
20849
25392
28118
14914
1710
20366
7162
9888
12614
15339
18065
4861
7587
10313
28969
31694
18491
21216
7104
26668
12556
15282
2078
4803
7529
26185
28911
15707
18433
4320
23884
9772
29336
17949
4746
7471
10197
29761
32487
18375
5171
7897
10623
13348
16074
18800
21526
7413
10139
29703
32429
18317
21043
23768
26494
30129
995
3721
23285
26011
28737
15533
18259
5055
7781
10507
13233
15958
18684
21410
24136
26862
29588
31405
1363
4088
6814
26378
12266
14992
17718
20443
23169
25895
29530
15417
18143
4939
23595
10391
13117
31772
1730
21294
24020
26746
12633
15359
2155
4881
23537
26263
13059
31714
18510
5307
23962
26688
29414
16210
18936
4823
24387
11184
13909
32565
19361
22087
24813
27539
30264
222
3857
6583
9308
12034
30690
17486
3373
22938
25663
28389
31115
17003
3799
23363
9250
11976
31540
1498
21062
6950
26514
13310
16036
18762
21488
8284
10101
29665
16461
19187
21913
24639
28273
30999
957
20521
6409
25973
28699
15495
18221
20946
7743
26398
30033
16829
2716
22280
25006
10894
13620
16345
3142
5867
8593
11319
29975
16771
2658
5384
9019
27674
31309
1266
19922
22648
9444
28099
13987
17621
3509
6235
25799
28525
14412
1209
19864
22590
9386
28042
30767
17564
20289
6177
9811
28467
31193
17989
4785
23441
27075
13871
16597
19323
6119
25683
28409
31135
1093
20657
24291
11087
32469
2427
5152
24717
27442
14239
16964
2852
5578
25142
26959
13755
551
3277
5094
7820
11455
30110
977
19632
6428
9154
28718
14606
1402
20058
6854
9580
28235
30961
919
22300
8188
10914
13639
436
19091
21817
24543
11339
29994
861
4495
23151
26785
13581
16307
19033
21759
24485
10372
29936
32662
2620
21276
8072
10798
13523
1228
19884
6680
26244
28970
31696
20309
23944
26669
12557
32121
18009
4805
7531
10256
12982
31638
1596
21160
7956
10682
13408
15225
18859
5655
24311
11107
13833
16559
19285
22010
8807
27462
14258
146
2872
22436
25162
27887
13775
571
19227
22861
25587
28313
31039
88
3722
22378
9174
11900
30555
513
20077
22803
25529
27346
30981
16868
19594
22320
9116
11842
14568
4090
6816
27288
30014
32740
2698
22262
24988
11784
30439
17236
19961
5849
8575
28139
30865
823
3548
23113
9909
28564
32199
18995
21721
7608
11243
13969
16694
3491
6216
25781
11668
14394
17120
20754
6642
26206
28932
31658
1615
4341
7067
9793
12519
32083
3858
22513
9310
12035
15670
18396
5192
7918
10644
13369
16095
18821
4709
24273
11069
30633
591
20155
22881
25607
11494
15129
17855
4651
7377
26941
32392
2350
21006
7802
28275
31000
958
3684
6410
25065
27791
30517
17313
20039
5927
24582
27308
30034
32760
19556
6352
9078
11804
14530
17255
20890
7686
10412
14046
16772
2660
22224
24950
28584
14472
17197
3994
6719
9445
12171
30827
784
20349
6236
25800
28526
14414
1210
3936
22591
25317
28043
14839
17565
20291
6178
25742
28468
31194
17082
3878
6604
9329
30711
669
19324
22050
24776
27502
15206
17932
20658
7454
10180
12906
15632
1519
5154
7880
27444
15148
2853
5579
25143
27869
14665
553
20117
22843
25568
28294
31020
16908
3704
6430
25085
27811
14607
495
20059
22785
25511
28236
14124
920
3646
23210
9098
28662
31388
1345
4071
6797
9523
28178
30904
862
20426
6314
25878
28604
31330
17217
4922
7648
26303
13099
31755
1713
21277
24003
26729
12616
32180
2138
4864
23519
27154
13041
32606
18493
21219
8015
10741
30305
263
2989
5715
8440
11166
29822
16618
2506
22070
24795
27521
30247
205
3839
6565
26129
28855
15651
18377
21103
23829
26555
29281
15168
1964
21528
7416
26980
12868
32432
18319
5115
23771
26497
13293
89
2815
5541
25105
27831
30557
16444
3240
21896
24622
27348
14144
16869
19595
22321
8209
27773
13660
16386
3182
5908
24564
27290
14086
32741
2699
5425
8151
27715
13602
16328
3124
5850
8576
11302
29957
32683
2641
5367
24931
10819
30383
341
3066
21722
24448
27174
29900
16696
19422
22147
8035
10761
13487
283
3009
21664
24390
11186
30750
708
3434
6160
25724
12520
15246
17972
3859
6585
26149
28875
31601
17488
20214
7010
25666
12462
15188
17914
3801
23365
26091
11979
31543
17430
20156
22882
25608
12404
15130
17856
20582
23307
26033
28759
14647
1443
20098
6894
25550
28276
15072
960
20524
23250
10046
30518
17315
3202
22766
25492
28218
30944
16831
19557
6353
9079
27735
30460
17257
3144
5870
26343
29069
14956
1752
4478
23134
9930
12656
32220
2178
20833
7629
10355
29011
15807
18533
4420
23984
9872
12598
15324
2120
4845
7571
10297
13023
15749
18475
21201
23926
9814
12540
16174
18900
4788
24352
10239
28895
32529
18417
5213
23868
10665
29320
16116
18842
21568
7455
27020
12907
32471
18359
5155
23810
10607
29262
16058
1946
21510
24236
11032
13758
16484
19209
6006
24661
27387
30113
16909
19635
6431
25086
27812
14608
17334
20060
5948
8674
28238
14125
16851
23211
25937
28663
31389
1347
4072
22728
25454
28180
14976
17702
20428
6315
25879
11767
31331
17218
19944
22670
9466
12192
14918
17644
4440
23095
9892
28547
15343
18069
20795
6682
9408
28972
31698
17586
4382
7108
9834
28489
16194
2990
5716
8442
11168
13893
16619
19345
22980
24797
28431
14319
1115
3841
22496
9292
27948
14744
632
3357
6083
25647
28373
15169
17895
20621
6509
26073
28799
31524
1482
21046
23772
26498
29224
15111
1908
4633
24198
26923
29649
15537
2333
20988
7785
10510
13236
15962
1850
21414
24140
10027
29591
32317
18205
20931
7727
10453
29108
16813
3609
6335
13604
2217
22690
8577
11303
14029
16755
3551
22207
8094
28567
14454
18089
20815
23540
28084
30809
767
3493
6219
8945
11671
14396
17122
19848
5736
24391
31660
20273
23908
10704
13430
32085
18882
4769
24333
27059
12947
32511
2469
5194
7920
29302
32027
1985
20641
7437
10163
28818
15614
1502
21066
23792
31061
4653
7379
26943
13739
32395
19191
21917
24643
27369
30094
16890
21434
8230
10956
13681
16407
19133
21859
24585
27311
30036
32762
2720
5446
8172
15441
19984
23618
10414
13140
15866
18592
4479
24044
26769
29495
32221
4905
23560
26286
13082
31738
1696
21260
7147
9873
12599
15325
18051
20776
7573
30771
19385
23019
26653
13450
16175
2063
4789
24353
10240
12966
32530
19327
22052
24778
27504
32047
2005
21569
24295
10183
29747
32473
2430
5156
7882
26538
16968
22420
9216
28780
14668
17394
20119
6915
9641
12367
15093
17819
20545
7341
25996
28722
15518
5040
24604
10492
30056
14
2740
21395
8191
10917
1348
22729
26364
13160
15886
18612
5408
24972
27698
14494
17220
3107
22671
25397
11285
14011
3533
6258
8984
11710
30366
16253
18979
21705
8501
11227
2566
7109
10744
30308
16195
18921
5717
8443
11169
13895
16621
19346
22072
26615
29341
32067
2025
4751
7476
10202
12928
15654
18380
21106
23831
26557
29283
2875
8327
11053
13779
32434
18322
21048
7844
10570
15113
1000
20564
23290
26016
13721
16447
19173
21898
7786
27350
30076
15963
19598
23232
10028
12754
15480
5911
26383
30018
16814
19540
22266
24992
27717
30443
401
3127
23600
10396
13122
15848
18573
21299
24025
26751
29477
32203
2160
4886
24450
27176
29902
32628
2586
5312
8037
10763
13489
16215
18941
21667
24392
27118
29844
32570
3436
7071
9797
12523
15248
6588
11131
31603
18400
4287
7013
25668
28394
31120
1078
3804
23368
10164
14707
595
3321
22885
25610
28336
14224
16950
3746
22401
25127
27853
30579
537
7806
29187
53
19618
5505
8231
10957
30521
16408
3205
5930
8656
11382
14108
16834
19560
22285
25011
11807
32280
2238
4964
7690
10416
14050
16776
19502
25862
31314
18110
4906
23561
10358
13083
31739
18535
4423
7149
9874
14417
18960
4848
24412
27138
13026
32590
18477
22112
8908
11634
14359
17085
19811
5699
25263
27989
30715
672
3398
6124
8850
11576
2006
23388
10184
12910
32474
2432
21087
7883
10609
13335
131
2857
21512
24238
26964
29690
16486
19212
5100
25572
14186
16911
19637
6433
25998
11885
14611
1407
20063
22789
25514
12310
15036
17762
20488
23214
25940
28666
31391
1349
20913
7709
26365
29091
15887
1775
21339
24065
26790
29516
32242
2200
5834
25398
28124
14012
16738
3534
22189
8985
27641
14437
17163
7594
28975
32609
2567
5293
8019
10745
13471
16196
18922
21648
24374
27100
31643
2509
21165
23891
26617
29342
16138
18864
4752
24316
27042
29768
15655
22924
28376
31102
1059
3785
6511
9237
11963
14689
17415
20140
24683
12388
15114
17840
20566
23292
26017
28743
31469
1427
4153
6879
9604
12330
15056
17782
8212
29594
32320
19116
5912
8638
27293
30019
16815
2703
22267
9063
28627
31353
18149
20875
23601
26327
29961
32687
2645
5371
24026
26752
13548
344
19909
22634
25360
28086
30812
16699
3496
7130
9856
12582
15308
2104
20759
7555
26211
13007
15733
18459
21185
23910
26636
29362
32088
17975
25244
13858
1562
21127
7923
28396
31121
1079
19735
6531
9257
11983
31547
4230
22886
25612
12408
15134
1021
3747
23311
26037
27854
31489
1447
4172
23737
14167
19619
6415
10049
12775
480
20044
22770
25496
11383
30948
905
3631
22287
9083
11809
30464
422
19986
5874
25438
11325
30890
847
19503
22229
24955
32224
20837
6724
11268
29923
16719
19445
5333
23988
10784
30348
306
3032
6667
25322
12118
14844
17570
3457
23022
8909
11635
31199
17087
3883
6609
13877
20238
7034
9760
12486
15211
17937
20663
7459
12002
31566
1524
21997
24723
27449
13336
132
18788
21514
8310
11036
29691
16487
2375
5101
24665
27391
17821
22364
9161
28725
31451
17338
20064
22790
25516
29150
31876
17763
20489
7285
10011
28667
19097
21823
24549
27275
13162
15888
3593
24066
10862
30426
384
19039
5836
9470
28126
14922
1718
21282
24008
26734
29460
32185
18073
4869
23525
26250
13047
15772
1660
4386
23950
9837
12563
15289
2085
20741
7537
10263
12989
31644
17532
20257
22983
25709
12505
32069
18866
21591
7479
27043
29769
32495
18382
21108
23834
26560
13356
16082
18808
21533
8330
11055
29711
16507
19233
5121
7846
27411
13298
94
18750
21476
24201
26927
29653
17358
20084
5971
25535
28261
30987
945
3671
22326
25052
11848
14574
17300
3187
22752
25477
28203
14091
887
3613
6339
9973
29537
32263
19059
21785
24511
27237
29963
32688
18576
5372
8098
10824
29479
32205
19001
21727
24453
27179
29905
32630
18518
21244
8040
26695
29421
16217
18943
21669
24395
10282
29847
32572
2530
5256
7982
10708
13434
32089
19794
22520
25246
11133
30697
16585
2472
5198
24762
28397
31123
1080
19736
22462
9258
13801
16527
19253
5140
7866
27430
13318
114
20587
7383
10109
28764
15560
18286
21012
23738
26464
12351
31915
18712
22346
8233
10959
13685
481
19137
5933
8659
11385
14111
16836
2724
5450
8176
10901
30466
16353
3149
5875
8601
11327
29982
32708
2666
6300
9026
27682
14478
17204
20838
6726
26290
29016
14903
17629
4425
7151
9877
28532
31258
18054
20780
23506
26232
28958
31684
1641
4367
7093
25749
28474
15271
17996
20722
6610
26174
28900
14787
17513
20239
22965
9761
12487
15213
17939
3826
6552
26116
28842
14729
17455
21090
23816
9703
12429
15155
1951
4677
7403
26058
12854
31510
1468
4193
7828
10554
30118
16005
1893
5527
8253
10979
30543
16431
19157
21882
25517
28243
30969
926
3652
23216
10921
13647
16373
3169
7712
10438
13164
15890
2686
5412
24067
10863
29519
16315
19041
5837
24492
27218
14014
16740
19466
22192
24918
27644
14440
1236
3962
22617
9413
12139
30795
17591
3478
23043
25768
11656
14382
1178
3904
22559
25285
12081
15716
19350
5238
7964
27528
14324
211
2937
22501
8389
11115
30679
16566
3363
22018
8814
11540
14266
16992
2879
5605
25169
11057
29712
579
19234
6030
24686
11482
14208
95
2821
22385
8273
27837
30563
521
3247
5972
8698
11424
14150
16876
19602
6398
9124
11849
30505
17301
3189
5915
25479
28205
14092
888
3614
6340
9066
11792
14517
18152
20878
23603
10400
13125
15851
18577
21303
7191
9916
29481
32206
2164
4890
23546
10342
13068
