30128
31945
994
24193
3237
5054
24870
26687
4339
22994
26629
12516
14334
16151
17968
19785
21603
23420
25237
27054
28872
30689
32506
1555
3372
5190
7007
8824
27480
29297
31114
163
1981
3798
5615
7432
9249
11067
12884
31539
17427
19244
21061
22879
25604
11492
13309
15126
1014
2831
4648
6466
8283
10100
28756
30573
531
19186
5074
7800
9617
11434
13251
15068
16886
18703
20520
22337
24155
25972
27789
29606
31424
473
2290
4107
5924
24580
26397
28214
30032
31849
898
2715
4533
6350
8167
9984
11801
13619
15436
17253
19070
20888
22705
24522
26339
12227
14044
15861
17678
19496
21313
23130
24947
26765
12652
15378
17195
19012
20830
22647
24464
27190
30824
782
2599
4417
6234
8960
10777
12594
14411
16229
18046
19863
21680
23498
25315
27132
28949
30766
16654
18471
20288
23014
24831
27557
29375
31192
1150
2967
4784
7510
9327
11144
13870
15687
17505
19322
21139
23865
25682
27499
29317
31134
17021
19747
21564
24290
27016
28833
30651
32468
2426
4243
6060
7877
10603
12420
14238
16055
17872
19689
22415
24232
26050
27867
30593
16480
2368
4185
6002
7819
26475
28292
30109
31927
976
2793
4610
6427
25083
26900
28717
30535
32352
1401
3218
5036
6853
8670
10487
12304
14122
15939
17756
19573
21391
23208
25025
26842
28659
14547
16364
18181
19999
21816
23633
10429
12246
14064
15881
17698
19515
21333
24967
26784
28602
30419
32236
1285
3102
6737
8554
10371
12189
30844
32661
1711
3528
5345
7162
8979
32178
1227
3044
4862
6679
8496
10313
28969
19400
21217
23034
8921
10739
12556
14373
16190
2078
22551
12073
31637
2503
4320
6138
7955
9772
11589
13407
15224
1111
2929
21584
23401
25219
27036
28853
14741
17466
19284
21101
22918
24735
26553
28370
30187
32004
1053
2871
4688
6505
8322
10140
28795
30612
32430
1479
20134
21952
7839
9656
11474
15108
16925
18742
20560
22377
24194
27829
29646
15533
17351
19168
20985
6872
8690
10507
30071
31888
938
20502
22319
24136
25953
27771
29588
31405
454
2271
4089
5906
7723
9540
11358
13175
14992
16809
18627
21352
23170
24987
26804
12692
14509
16326
18143
19960
21778
23595
9482
11300
13117
14934
16751
18569
20386
22203
24020
25837
27655
29472
31289
338
2156
3973
5790
7607
26263
28080
29897
31714
764
2581
4398
6215
8033
9850
11667
13484
15302
17119
18936
20753
22570
24388
10275
12092
13910
15727
17544
19361
21179
22996
24813
26630
30265
222
2948
14277
1073
22455
25180
27906
30632
590
3316
6042
8767
10585
12402
14219
16036
17854
19671
21488
7376
9193
28757
31483
18279
21005
24639
27365
30091
49
2775
5500
8226
10952
13678
16404
4108
6834
9560
30941
899
3625
9077
11803
14529
17254
19980
25432
14954
17680
20406
23131
25857
28583
31309
1267
3993
6718
9444
12170
14896
1692
4418
7144
9870
12595
15321
18047
20773
10295
13021
15747
18472
7994
30284
242
2968
5694
8420
11146
30710
17506
20232
22958
25683
12480
15205
17931
20657
23383
26109
28835
31560
1518
5153
7879
10604
13330
16056
18782
21508
24234
26959
29685
32411
2369
5095
7821
10546
13272
15998
18724
21450
24176
26901
29627
32353
2311
5037
7763
10488
13214
15940
18666
21392
24118
26844
29569
32295
2253
4979
7705
10431
13156
15882
18608
21334
24060
26786
29511
32237
2195
4921
7647
10373
13098
15824
18550
21276
24002
26728
29453
32179
3046
5772
8497
11223
13949
16675
19401
22127
24852
27578
30304
262
2988
5714
8439
11165
13891
16617
19343
22069
24795
27520
30246
204
2930
5656
8382
11107
13833
16559
19285
22011
24737
27462
30188
146
2872
5598
8324
11049
13775
16501
3297
6023
8749
11475
14201
16926
19652
22378
25104
27830
30556
513
3239
5965
8691
11417
14143
16868
20503
23229
25955
28680
31406
1364
4090
6816
9542
12267
14993
17719
4515
7241
9967
12693
15419
18145
20870
23596
10392
13118
15844
18570
21296
24022
26747
29473
32199
2157
4883
7609
10334
13060
15786
18512
21238
23964
26689
29415
32141
2099
4825
7551
10276
13002
15728
18454
21180
23906
26631
29357
32083
2041
4767
7493
10218
12944
2466
5192
8827
11552
14278
17004
19730
22456
11978
14704
17429
6951
9677
14220
16946
6468
9194
11920
14646
17372
6893
9619
29183
31909
1867
4593
7319
10045
12771
15496
6836
9561
12287
15013
17739
20465
23191
25916
28642
31368
1326
4052
6778
12229
14955
17681
23133
25858
28584
31310
1268
3994
6720
9446
14897
1693
4419
7145
9871
12597
15323
18048
21683
25317
28043
30769
727
3453
6178
8904
11630
14356
17082
19808
22533
25259
27985
30711
669
3395
6121
8846
11572
31136
1094
3820
6546
26110
28836
15632
18358
21084
23809
26535
29261
31987
1945
4671
7397
10122
12848
15574
2370
5096
7822
10548
13274
15999
18725
21451
24177
26903
29629
32354
2312
5038
7764
10490
13216
15941
18667
22302
25028
27753
30479
437
3163
5889
8615
11340
14066
16792
19518
22244
9040
11766
14492
17217
19943
22669
25395
28121
30847
804
3530
6256
8982
11708
14434
17159
19885
22611
25337
28063
30789
747
3472
6198
8924
11650
14376
17102
19827
22553
25279
28005
30731
689
3414
6140
8866
11592
14318
17044
19769
22495
25221
27947
14743
17469
20195
23829
26555
29281
32007
1965
4690
7416
10142
12868
15594
18320
21045
23771
26497
29223
31949
1907
4632
7358
10084
12810
15536
18262
20987
23713
26439
29165
31891
1849
4575
7300
10026
12752
15478
18204
20930
23655
26381
29107
31833
1791
4517
7242
9968
12694
15420
18146
20872
23597
26323
29049
31775
1733
4459
7184
9910
12636
15362
18088
20814
24448
27174
13970
16696
19422
22148
24873
27599
30325
283
3009
5735
8460
11186
13912
16638
19364
22090
24816
27541
30267
225
2951
5677
8403
11128
13854
16580
19306
22032
24758
27483
30209
167
2893
5619
8345
11070
13796
16522
19248
21974
24700
27425
30151
109
2835
5561
8287
11012
13738
16464
19190
21916
24642
27368
30093
51
20524
8229
10955
13680
16406
19132
21858
24584
27310
30035
32761
2719
5445
8171
10897
13622
16348
19074
21800
24526
27252
29977
32703
2661
5387
8113
10839
13564
16290
19016
21742
24468
27194
29920
32645
2603
5329
8055
10781
13507
16232
18958
21684
24410
27136
29862
32587
2545
5271
7997
10723
13449
245
2971
5696
8422
11148
13874
16600
19326
22051
25686
28412
31138
1095
3821
6547
9273
11999
14725
17450
20176
22902
25628
28354
31080
1037
3763
6489
9215
11941
14667
17393
20118
22844
25570
28296
31022
980
3705
6431
9157
11883
14609
17335
20060
22786
25512
28238
30964
922
3647
6373
9099
11825
14551
17277
20002
6799
9524
12250
14976
17702
20428
23154
25879
28605
31331
1289
4015
6741
10375
13101
15827
18553
21278
24004
26730
29456
32182
2140
4865
7591
10317
13043
15769
18495
21221
23946
10743
13468
16194
18920
21646
24372
27098
29823
32549
2507
5233
10685
13410
16136
18862
21588
24314
27040
29765
32491
2449
5175
7901
12444
15170
18804
21530
9235
11961
14686
18321
5117
24681
27407
30133
91
2817
5542
8268
10994
13720
17354
5968
8694
11419
14145
16871
19597
22323
25049
27774
30500
458
3184
5910
8636
11361
14087
16813
19539
22265
24991
27716
30442
400
3126
5852
8578
11303
14029
16755
19481
22207
24933
27658
30384
342
3068
5794
8520
11246
13971
16697
19423
22149
24875
11671
14397
1193
20757
23483
27117
13913
1618
21182
23908
26634
29360
32086
2044
4769
8404
12038
14764
1560
4286
7012
9738
12464
15189
17915
20641
23367
26093
28819
31544
1502
4228
6954
9680
12406
15131
17857
20583
23309
26035
28761
31487
1444
4170
6896
9622
12348
15074
1870
4596
7321
10047
12773
15499
18225
20951
23676
26402
29128
31854
1812
21376
24102
26828
29553
32279
2237
4963
7689
10415
29979
32705
2662
5388
8114
12657
15383
18109
20835
23561
26286
29012
31738
4422
7148
9873
12599
15325
18051
23503
26228
28954
31680
1638
7090
9815
12541
2063
4789
7515
29805
32531
2489
5214
7940
10666
13392
16118
18844
21569
24295
27021
29747
19269
21995
24721
27446
30172
2856
5582
8308
11033
13759
16485
19211
21937
24663
27389
30114
72
2798
5524
8250
10976
13701
17336
20062
22788
25513
28239
16853
19578
22304
25030
11826
14552
17278
20004
22730
28181
30907
865
3591
25881
28607
31332
1290
4016
23580
26306
29032
31758
1716
4441
7167
29457
32183
2141
4867
7593
10318
32608
2566
5292
8018
10744
266
2992
5717
8443
11169
30733
691
3417
6143
8869
11594
14320
17046
19772
22498
25224
27949
30675
633
4268
6993
9719
12445
15171
17897
20623
23348
26074
12870
16505
19231
21957
24682
11479
31043
1001
3726
23291
26016
28742
31468
18264
20990
23716
26442
29168
16872
20507
24141
27776
31410
1368
4094
6820
9545
29110
31835
1793
4519
7245
26809
29535
32261
2219
4944
7670
10396
13122
15848
18574
21299
24025
26751
29477
32203
3978
24451
12155
769
3495
6220
8946
11672
16215
3920
24393
13915
16641
19366
22092
24818
27544
30270
17066
19792
22518
25243
28878
31604
1561
4287
7013
9739
12465
15191
17917
20642
23368
14707
17433
20159
22885
25611
28337
31062
1020
3746
8289
11015
13741
16467
19193
21918
24644
27370
30096
54
19618
22344
25070
27795
30521
479
3205
5931
8657
11382
14108
904
3630
6356
9082
11808
14534
17259
19985
22711
25437
28163
30889
846
3572
6298
9024
11750
14476
17201
19927
22653
25379
28105
30831
789
3514
6240
8966
11692
14418
17144
19869
22595
25321
28047
30773
731
3456
6182
8908
11634
14360
17086
19811
22537
25263
27989
30715
673
3398
6124
8850
11576
14302
17028
19753
22479
25205
27931
30657
1523
4249
6975
9701
12427
15152
17878
20604
23330
26056
28782
17395
20121
22847
25573
28298
31024
982
3708
23272
25998
28724
31450
1407
4133
6859
9585
12311
15037
17762
20488
23214
25940
28666
31392
1349
4075
6801
9527
12253
14979
17704
20430
23156
25882
28608
31334
1292
4017
6743
9469
12195
14921
17647
20372
7169
9894
12620
15346
19889
22615
25341
28067
30792
750
3476
6202
8928
11654
14379
17105
19831
22557
25283
28009
30735
692
3418
6144
8870
11596
14322
17047
19773
22499
25225
27951
30677
18381
21107
23833
26559
29285
32011
1968
4694
7420
10146
12872
15598
18323
21049
23775
26501
29227
31953
18749
5545
8271
10997
13722
16448
19174
21900
24626
27352
30077
35
2761
6396
9121
28686
31411
1369
4095
6821
9547
12273
14998
17724
20450
23176
25902
28628
31353
1311
4037
6763
9489
12215
14940
17666
4462
7188
9914
12640
15366
2162
4888
7614
10339
13065
15791
18517
21243
23969
26694
29420
32146
2104
21668
25303
28028
30754
712
3438
6164
8890
11615
14341
17067
19793
22519
25245
27970
30696
17492
20218
22944
9740
12466
15192
17918
20644
23369
27913
30638
596
3322
6048
8774
11500
14225
16951
19677
22403
25129
27855
30580
538
3264
5990
8716
11442
14167
16893
19619
22345
25071
27797
30522
480
3206
5932
8658
11384
14110
16835
19561
22287
25013
27739
30465
422
3148
5874
8600
11326
14052
16777
19503
22229
9025
11751
14477
17203
19929
23563
26289
29923
32649
2607
5333
8059
10785
13510
16236
18962
21688
24414
27140
29865
32591
2549
5275
8001
10727
30291
249
2974
5700
8426
11152
13878
16604
19329
22055
24781
27507
30233
191
2916
5642
8368
11094
13820
16546
19271
21997
24723
27449
30175
133
2859
5584
8310
11036
13762
16488
19214
21939
8736
11461
14187
16913
19639
22365
10069
31451
1409
4135
6860
9586
12312
15038
17764
20490
23215
25941
28667
31393
1351
4077
6802
26367
29092
31818
1776
4502
7228
9954
12679
15405
18131
20857
23583
26309
29034
31760
2627
22191
24917
27643
30368
326
19890
22616
25342
28068
30794
17590
20316
23042
25767
29402
32128
2086
4811
7537
10263
12989
15715
18441
21166
23892
26618
29344
32070
18866
21592
24318
27043
29769
32495
2453
5179
7905
10630
13356
152
2878
6513
9239
11964
14690
17416
20142
6938
10572
13298
16024
18750
22384
25110
27836
30562
17358
20084
6880
9606
12332
37
2762
24144
26870
29595
32321
20026
6822
9548
13182
32747
19543
22269
9065
11791
14516
17242
19968
22694
25420
12216
16759
19485
6281
9007
11733
14458
1255
3980
6706
9432
12158
14884
17610
20335
23061
25787
28513
31239
1197
3922
6648
9374
12100
14826
17552
20278
23003
25729
28455
31181
17977
20703
23429
26155
29789
32515
2473
5198
7924
10650
13376
16102
18828
21554
24279
27005
13801
2415
5141
25613
28339
15135
19678
6474
26039
29673
16469
5991
9626
12351
31916
2782
5508
8234
10960
13685
1390
4116
6842
9568
12294
15019
17745
20471
23197
25923
28649
31374
1332
4058
6784
9510
12236
14961
1758
4483
7209
9935
12661
15387
18113
20838
7635
10360
13086
15812
18538
21264
23990
26715
29441
32167
2125
4851
7577
10302
13028
15754
18480
21206
23932
26658
29383
32109
2067
4793
7519
10245
12970
15696
18422
21148
23874
26600
29325
192
2918
23390
26116
28842
31568
1526
4252
6977
9703
12429
15155
1951
4677
7403
11037
30601
17398
20123
22849
25575
28301
31027
985
3710
6436
9162
11888
14614
17340
20065
22791
25517
28243
30969
927
3652
6378
9104
11830
14556
17282
20008
22733
25459
28185
30911
869
3595
6320
9046
11772
14498
17224
19950
22675
25401
28127
30853
811
4445
7171
9897
12623
15349
18074
20800
23526
26252
28978
31704
1661
4387
7113
9839
12565
15291
18016
4813
7538
10264
12990
15716
18442
21168
23893
26619
29345
32071
2029
4755
7481
10206
12932
15658
18384
21110
23836
26561
29287
32013
1971
4697
7423
10148
12874
15600
18326
21052
23778
26503
13300
16025
18751
21477
24203
26929
29655
32380
2338
5973
25537
28263
30989
946
3672
6398
9124
11850
14576
17301
20027
22753
25479
28205
30931
888
3614
6340
9066
11792
14518
17243
19969
6765
9491
12217
14943
17669
20395
23120
25846
28572
31298
1256
3982
6708
9433
12159
32632
2590
5316
8041
10767
13493
16219
3015
5741
8467
11193
30757
17553
20279
23005
25730
28456
31182
1140
3866
7500
10226
29790
32516
2474
5200
24764
11560
14286
17012
19738
22463
25189
27915
30641
599
3325
6050
8776
11502
14228
16954
19680
23314
26040
29674
32400
2358
5084
7810
10536
13261
15987
18713
6418
25982
28708
31434
1391
4117
6843
9569
12295
15021
17746
20472
23198
25924
12720
15446
18172
20898
23624
26349
29075
31801
1759
4485
7211
9936
29501
16297
19022
21748
24474
27200
29926
16722
19448
22174
24900
27625
30351
309
3035
5761
8487
11212
13938
16664
19390
23024
25750
12546
15272
17998
20724
7520
10246
12972
15697
18423
21149
23875
10671
13397
16123
18849
21575
24300
27026
29752
32478
2436
5162
7887
10613
13339
16065
18791
21517
24242
26968
29694
16490
19216
21942
24668
27394
30119
986
3712
6438
26910
29636
32362
2320
5046
7771
10497
13223
15949
18675
21401
24127
26852
29578
32304
2262
4988
24552
27278
30004
32729
2687
6322
25886
12682
15408
18134
20859
23585
26311
29037
31763
1721
4446
7172
9898
12624
15350
18076
20802
23527
26253
28979
31705
1663
4389
7114
9840
12566
16201
18926
21652
24378
27104
29830
32556
2513
6148
8874
11600
14325
17051
19777
22503
25229
27955
30680
638
5181
7907
10633
13359
16085
18810
21536
24262
26988
29714
32440
2397
5123
7849
10575
13301
16027
18753
21478
24204
26930
29656
32382
2340
5065
7791
10517
13243
15969
18695
21420
24146
26872
29598
32324
2282
5007
7733
10459
13185
15911
18637
21362
24088
26814
29540
32266
2224
5858
8584
28148
30874
832
3558
6283
9009
11735
14461
17187
19913
22638
25364
28090
30816
774
3500
7134
9860
13494
291
3016
5742
8468
11194
13920
16646
3442
6168
8893
11619
14345
17071
19797
22523
25248
27974
30700
658
3384
6110
9744
12470
15196
17922
20647
7444
11078
13804
16530
19256
21981
24707
27433
30159
117
2843
5568
8294
27858
30584
542
3268
5994
8720
11445
14171
16897
19623
22349
25075
27800
30526
484
3210
5936
8662
11387
14113
16839
19565
22291
25017
27742
30468
426
19990
22716
25442
28168
30894
852
3577
6303
9029
11755
14481
1277
4003
6729
9454
12180
31744
1702
4428
7154
9880
12606
15331
18057
20783
23509
26235
28961
31686
1644
21208
23934
26660
30295
252
2978
5704
8430
11156
13882
16607
19333
22059
24785
27511
30237
194
2920
5646
8372
11098
30662
620
3346
6071
8797
11523
31087
1045
3771
6497
9223
11948
14674
17400
4196
8739
11465
14191
16917
19643
22368
25094
28729
31455
1412
20068
6864
25520
12316
15042
17767
20493
7289
10015
12741
15467
1355
4080
6806
9532
29096
15892
18618
21344
24070
9957
29522
16318
2205
21769
7657
10383
13109
15834
2631
22195
8082
11717
31281
1239
20803
23529
26254
28980
15776
18502
21228
7116
10750
30314
17110
2998
22562
25288
12993
697
4332
22987
9784
12509
15235
18870
4757
24321
10209
29773
32499
2457
21112
7908
26564
13360
32016
2882
5608
25172
11968
30624
17420
20146
22872
9668
12393
16028
18754
5550
24205
26931
29657
32383
2341
5067
24631
27357
30082
15970
18696
5492
8218
26873
13669
16395
3191
21847
8643
11369
30025
15912
18638
5434
24998
10886
14520
408
3134
5859
25424
11311
30875
833
3559
6285
9011
11736
30392
17188
19914
22640
8527
28091
13979
17613
20339
6227
25791
12587
15313
18039
20765
23490
27125
13921
32577
19373
5260
24824
10712
30276
234
2960
21615
24341
11137
13863
3385
10171
26042
12839
15564
18290
4178
23742
26468
29194
15990
19624
22350
8238
27802
13689
485
3211
21867
8663
11389
30044
2
19566
22292
8180
27744
13631
427
3153
21809
24535
28169
14965
18600
4487
7213
26777
29503
32229
18116
20842
6730
9456
12181
14907
1703
21268
23993
26719
30354
16241
3037
22602
8489
11215
30779
737
19392
6189
24844
11640
14366
17092
2979
22544
8431
27995
14791
17517
20243
22969
25695
28421
31146
1104
3830
6556
9282
12008
31572
17459
20185
6981
25637
12433
31088
1046
5589
8315
11041
13767
563
19219
21944
8741
11466
14192
988
19644
6440
9166
11892
14618
17343
3231
23704
9591
12317
15043
1839
4565
24129
10017
12742
32307
2264
20920
7716
10442
13168
15894
18619
21345
7233
26797
12684
32249
2206
4932
7658
10384
29948
32674
18561
5358
8083
26739
13535
32191
3057
5783
24438
27164
13960
16686
19412
5300
24864
10751
13477
16203
18929
21655
8451
28015
13903
16628
19354
6150
24806
11602
14328
215
19780
5667
9302
12027
14753
1549
4275
7001
25657
12453
31108
1066
3792
23356
9244
12878
31534
18330
21056
23781
9669
29233
15121
17846
20572
23298
26024
12820
15546
1433
20998
6885
9611
29175
31901
1859
20514
23240
25966
12762
16397
19122
5010
7736
27300
13187
15913
18639
21365
24999
10887
13613
409
19064
21790
8586
11312
29968
32694
2652
5377
24942
11738
14463
1260
19915
23550
9437
12163
14889
1685
4411
23066
25792
28518
15314
27126
16648
4353
7079
25734
28460
15256
17982
20708
6595
10230
28885
16590
19316
5204
7929
27494
30219
177
18833
5629
8355
27919
30645
603
3328
21984
24710
11506
14232
119
19683
22409
25135
11931
14657
545
4179
6905
9631
12357
31921
1879
20534
7330
10056
12782
32346
2304
5030
10481
13207
3
2729
22293
8181
10907
30471
429
19084
5880
24536
27262
29988
32713
2671
5397
24961
27687
30413
17209
19935
6731
26295
29930
32655
19452
22177
8065
10791
30355
16243
18968
21694
24420
27146
29872
32598
2555
22120
8916
11642
14367
255
19819
5707
8432
27997
30722
680
20244
6132
8858
11584
14309
17944
20670
7466
26121
28847
31573
2439
21095
23821
26547
13343
16069
1956
21520
24246
10134
12860
32424
18311
21037
7833
10559
13285
31940
18737
21462
24188
10076
29640
15527
18253
20979
7775
26431
29157
31882
18679
21404
7292
10018
12744
15470
2266
20921
23647
10443
29099
15895
1782
4508
24072
9960
29524
15412
2208
22680
25406
12202
14928
1724
21289
24014
26740
29466
32192
2150
4876
7601
10327
13053
15779
1666
4392
7118
9844
12570
15296
18930
4818
7544
28925
32559
3426
22081
8877
11603
30259
17055
19781
22507
8394
11120
13846
17480
3368
22932
8820
28384
31109
17906
3793
23357
26083
28809
31535
1493
4219
22874
9670
28326
15122
1009
20574
6461
26025
12821
15547
18273
20999
8704
27359
14155
43
18698
21424
24150
26876
29602
16398
3194
21850
24575
11372
14097
16823
19549
22275
8162
10888
31361
17249
19974
22700
25426
28152
30878
836
20400
23126
9013
28577
31303
2170
20825
24459
27185
29911
32637
2595
21250
23976
26702
30337
16224
18950
21676
8472
11198
13924
32579
3446
23010
9806
29370
17075
19801
22526
25252
27978
30704
17500
3388
6113
25678
11565
31129
17017
19743
6539
9265
12899
16533
2421
21985
7873
10599
14233
16959
19685
5572
8298
11024
13750
17384
3272
22836
9632
29196
15992
3697
6423
25987
29621
32347
2305
5031
7757
10483
13208
15934
18660
21386
24112
26838
12725
32289
18177
20903
7699
10425
29080
31806
1764
21328
24054
26780
12667
15393
19028
5824
8550
11275
14001
32657
3523
6249
8975
31265
1223
19878
22604
26239
28964
15760
18486
21212
24847
14369
256
2982
22546
8434
32541
2499
22063
24789
27515
30240
17037
19762
22488
9284
12010
30666
17462
20188
6075
8801
12435
15161
17887
4683
7409
10135
28791
31516
18313
21038
7834
10560
30124
82
18738
5534
24190
26915
29641
32367
20980
24615
10502
14137
24
19589
5476
8202
10928
30492
16379
19105
21831
8627
28191
30917
875
3601
6327
24982
11778
30434
17230
4026
22682
9478
28133
14930
817
3543
6269
8995
11720
3060
5785
29893
16689
2576
5302
24866
10754
30318
16206
18931
21657
24383
11179
30743
16631
19357
22083
8879
27534
30260
17056
19782
22508
25234
11121
30685
1552
20207
22933
9729
12455
31111
1069
20633
6520
10155
29719
32445
19241
5128
24693
27418
30144
102
18758
21483
24209
26935
13731
16457
2345
5070
24635
27360
30086
15974
18700
21425
8222
10947
13673
469
3195
22759
25485
28211
30937
1803
20459
8164
27728
30454
411
3137
21793
24519
27245
29970
32696
19492
22218
24944
10832
30396
16283
19918
22644
25369
28095
30821
17617
4413
23069
25795
12591
15317
1204
3930
23494
9382
13925
16651
19376
5264
24828
27554
30280
238
2964
5689
8415
11141
13867
32522
2480
5206
24770
10658
13384
16109
18835
21561
8357
11083
29739
16535
2422
5148
7874
27438
13326
122
2848
21503
24229
11025
29681
32407
19203
5090
24654
27380
30106
15994
18719
5516
9150
11876
14602
489
4124
6849
9575
28231
30957
915
20479
23204
25930
28656
14544
17270
4066
23630
9517
12243
14969
17695
20421
23147
25872
28598
373
19029
5825
26298
29024
31749
1707
21271
23997
9885
29449
32175
2133
20788
7584
9401
28966
15762
1649
4375
23939
9827
29391
32117
18004
3892
6618
9344
12069
14795
2500
5226
23881
27516
30242
17038
2925
22489
8377
11103
14737
625
20189
22915
25641
11528
14254
1959
20614
23340
10136
29700
15588
18314
5110
7836
10562
30126
16922
3718
6444
9170
12804
16439
3235
5961
24616
11412
30068
26
2751
5477
8203
10929
13655
451
19106
22741
8628
11354
14080
876
19532
22258
24984
11780
14505
393
19957
5845
8571
28135
14022
17657
3544
6270
9904
29469
32194
18082
21716
7604
27168
29894
15781
18507
21233
23959
10755
13481
32137
18933
21659
24384
10272
29836
16632
20267
30687
645
20209
22935
9731
28386
17000
19725
22451
8339
28812
31537
18334
4221
23785
9673
29237
1012
20576
23302
26028
11915
14641
17367
20093
6889
25544
28270
30996
954
20518
6406
25970
11857
32330
18218
21852
24578
27304
13191
15917
2713
21369
8165
27729
30455
413
19068
5864
9499
12225
14951
17676
3564
6290
9924
29488
15376
2172
4898
7624
26279
29005
15801
18527
4415
23979
9866
12592
15318
18044
4840
23495
26221
13017
15743
1631
21195
7082
26647
29372
32098
2056
4782
23438
10234
12051
31615
1573
4299
23863
26589
29315
31132
18837
5633
24288
27014
30648
606
3332
6058
8784
11510
31074
17870
20596
6483
26047
27865
14661
17387
20113
22838
25564
28290
31016
17812
20538
7334
10060
12786
15512
18237
20963
23689
26415
13211
15937
18663
21389
8185
27749
14545
17271
19997
22722
25448
28174
30900
858
3584
6310
9035
11761
14487
17213
19939
22665
25390
28116
30842
800
3526
7160
9886
12612
15338
18064
20789
23515
26241
28967
31693
1651
4376
7102
9828
29392
32118
2076
4802
7528
10253
12979
15705
2501
5227
7953
10679
13405
16130
18856
21582
24308
27034
29760
32485
2443
5169
7895
27459
30185
143
2869
5594
8320
11046
13772
568
21949
25584
12380
15106
17832
20558
23283
26009
13714
16440
19166
5962
25526
30069
27
2753
5479
8204
10930
13656
16382
19108
21834
24559
27285
30011
32737
2695
5421
8146
10872
13598
394
3120
5846
8572
11298
14023
16749
19475
22201
24927
27653
30379
336
3062
5788
8514
11240
13966
16691
19417
22143
24869
27595
30321
278
3004
5730
8456
11182
13908
16633
20268
7064
9790
12516
32080
2038
4764
8398
11124
30688
1554
21119
24753
27479
30205
163
2888
22452
25178
27904
30630
588
3314
6040
8765
11491
14217
16943
19669
6465
9191
11917
14642
4164
6890
9616
12342
15068
17794
22337
9133
11859
14584
17310
6832
9558
29122
31848
1806
4532
7258
29548
32273
2231
4957
7683
27247
29973
32699
2657
5382
8108
10834
13560
16286
19012
21737
11259
13985
16711
20346
23071
25797
28523
31249
1207
3933
6658
9384
12110
31674
18470
22105
24831
27557
14353
17079
19804
22530
25256
27982
30708
666
3391
22956
25681
28407
15203
1999
4725
7451
27015
29741
32467
2425
5151
7876
10602
13328
16054
18780
5576
8302
11028
14662
1458
4184
6910
9636
12362
15087
17813
20539
23265
25991
28717
31442
1400
4126
6852
26416
29142
31868
1826
4551
7277
10003
12729
15455
18181
20907
23632
10428
13154
15880
18606
21332
24058
27692
30418
376
3102
5827
8553
11279
14005
16731
19457
22183
8979
11705
15339
18065
20791
23516
26242
28968
31694
1652
4378
7103
9829
12555
15281
18007
20733
23459
26184
28910
31636
1594
4320
7046
9771
12497
15223
18858
5654
8380
27944
15648
18374
21100
23826
26552
29278
32003
18800
21525
25160
27886
30612
2387
5112
7838
10564
14199
17833
20559
26919
13715
16441
19167
21893
24619
27344
30070
28
2754
5480
8206
10932
13657
16383
19109
22743
11357
30921
17717
20443
23169
25895
28620
31346
1304
4030
6756
9482
12208
14933
17659
20385
23111
25837
28563
31288
1246
3972
6698
10332
13058
15784
18510
21236
23962
26687
29413
32139
2097
4823
7549
10274
13000
15726
18452
21178
23904
26629
29355
32081
2039
4765
7491
10216
12942
15668
18394
21120
23846
26571
29297
32023
1981
4707
24271
26997
29723
32449
2406
5132
7858
10584
13310
106
19670
22396
25122
27847
30573
531
3257
22821
25547
28273
30999
957
3682
6408
9134
29607
32333
2290
5016
7742
10468
13194
15920
18645
21371
24097
26823
29549
32275
2233
4958
7684
10410
13136
15862
18588
21313
24039
26765
29491
32217
2175
4900
7626
10352
13078
15804
18530
21255
23981
26707
29433
32159
2117
4842
7568
10294
13020
725
3451
6176
8902
28466
31192
1150
3876
6602
9328
12053
14779
17505
20231
22957
25683
28408
32043
2001
4727
7452
10178
12904
15630
18356
21082
23807
26533
29259
31985
1943
4669
7394
10120
12846
15572
18298
21024
23750
26475
29201
31927
1885
4611
7337
10062
12788
15514
18240
20966
23692
26417
13214
15939
18665
21391
24117
26843
29569
32294
2252
4978
7704
10430
13156
15881
18607
21333
24059
26785
29511
32236
2194
4920
7646
10372
14006
16732
19458
22184
24910
27635
30361
319
3045
5771
8497
11222
13948
16674
19400
22126
24852
27578
30303
261
2987
5713
8439
11165
13890
16616
19342
22068
24794
27520
30245
203
2929
5655
8381
11107
13832
16558
19284
22010
24736
27462
30187
145
2871
5597
8323
11049
13775
16500
19226
21952
24678
27404
30130
87
2813
5539
8265
10991
14625
17351
20077
22803
25529
28254
30980
938
3664
6390
9116
11841
14567
17293
4089
7724
10449
13175
15901
18627
21353
24079
26805
29530
32256
2214
4940
7666
10392
29956
32682
2639
5365
8091
10817
13543
16269
18994
21720
8516
11242
13968
16694
19420
22146
24871
27597
30323
281
3007
5733
8458
11184
13910
16636
19362
22088
24813
27539
30265
1132
3857
6583
9309
12035
14761
17487
20212
22938
25664
28390
31116
1074
3799
6525
9251
11977
14703
17429
20155
22880
26515
29241
31966
1924
4650
7376
10102
12828
15554
18279
21005
23731
26457
29183
15979
18705
21431
24156
26882
29608
32334
2292
5018
7743
10469
13195
15921
18647
21373
24098
26824
29550
32276
2234
4960
7685
10411
13137
16772
19497
22223
24949
27675
30401
359
3084
5810
8536
11262
30826
784
3510
6236
8961
11687
14413
17139
19865
22591
25316
28042
30768
726
3452
6178
8904
11629
14355
17081
19807
7512
10237
29802
17506
20232
22958
26592
30227
185
2911
5636
10180
12905
15631
18357
21083
23809
26535
29260
31986
1944
4670
7396
10122
12847
15573
18299
21025
24659
27385
30111
69
2795
5521
8246
10972
13698
16424
19150
21876
24601
27327
30053
11
2737
5463
8188
10914
13640
16366
19092
21818
24543
27269
29995
32721
2679
5405
8131
10856
14491
17217
19942
22668
25394
28120
30846
804
3530
6255
8981
11707
14433
17159
19885
22610
25336
28062
30788
746
3472
6197
8923
11649
14375
17101
19827
22552
26187
28913
31639
1596
21161
23886
26612
29338
32064
2022
4748
7473
10199
12925
15651
18377
21103
23828
26554
29280
32006
1964
4690
7415
10141
12867
15593
18319
21045
23771
26496
29222
31948
1906
4632
7358
10083
12809
15535
18261
20987
23713
26438
29164
31890
1848
4574
7300
10025
12751
15477
18203
20929
23655
26380
29106
31832
1790
4516
7242
10876
13602
16328
19054
21779
24505
27231
29957
32683
2641
5366
8092
10818
13544
16270
18996
21722
24447
27173
29899
32625
2583
5309
8034
10760
30324
282
3008
5734
8460
11186
30750
708
3433
6159
8885
11611
14337
17063
19788
22514
25240
27966
30692
650
3375
6101
8827
11553
14279
17005
19730
6527
11070
13796
16521
19247
21973
24699
28333
31059
1017
3743
6469
9194
11920
14646
17372
20098
22824
25550
28275
31001
959
3685
6411
9137
11862
14588
17314
20040
22766
25492
28217
30943
901
3627
6353
9079
11804
14530
17256
19982
22708
25434
12230
14956
17681
20407
23133
25859
28585
31311
1268
3994
6720
9446
12172
14898
17624
20349
23075
25801
28527
31253
1211
3936
6662
9388
13023
15748
18474
21200
23926
26652
13448
244
18900
21625
24351
11147
29803
32529
19325
22051
7938
27502
13390
186
19750
5638
8364
27928
13815
611
3337
21993
8789
11515
30170
128
19692
5580
8306
11031
13757
553
3279
6005
24661
11457
14183
70
2796
5522
8248
10974
13699
16425
19151
5947
8673
27329
30054
12
2738
5464
8190
27754
14550
1346
20002
6798
25453
12250
14975
863
3589
23153
25879
11766
31330
17218
19944
6740
25395
28121
14917
805
20369
6257
25821
11708
31272
17160
19886
6682
9408
28063
14859
747
3473
23037
25763
28489
31214
17102
3898
6624
25280
28005
30731
689
3415
22070
24796
28431
14318
206
3840
22496
9292
12018
14744
631
3357
22921
8809
12443
15169
1965
4691
7417
10143
29707
32433
18320
5116
23772
10568
29223
16020
18745
21471
24197
10085
29649
32375
18262
5058
7784
26440
29166
15962
18687
4575
24139
26865
29591
32317
2275
20930
23656
26382
29108
15904
17721
20447
23173
25898
28624
31350
1308
20872
7668
26324
13120
31775
1733
4459
7185
25841
28566
31292
18088
4884
23540
26266
29900
16696
19422
22148
24874
10761
13487
16213
18939
5735
8461
27117
29842
1617
21182
7069
26633
29359
32085
2043
20698
7494
10220
28876
15672
1559
21124
23849
10646
29301
32027
1985
21549
24275
10162
29726
32452
18340
5136
23792
10588
29243
31969
1927
21491
24217
26943
12830
32394
18282
21008
7804
26459
30094
15981
2778
21433
8229
10955
13681
17315
4111
22767
25493
12289
30945
902
3628
6354
25918
11806
31370
17257
19983
6779
9505
28161
14957
844
3570
6296
25860
28586
14474
1270
3996
22651
9447
12173
30829
17625
20351
23076
25802
11690
31254
18050
20776
22593
26228
28953
31679
1637
4363
23019
25744
28470
15266
17992
20718
6606
26170
28896
31621
17509
4305
7031
9757
28412
15208
2005
21569
7456
10182
12908
15634
18360
21085
7882
26537
13333
16059
1947
21511
7398
26962
12850
32414
18302
21027
23753
10549
13275
16001
18727
21453
24179
26904
29630
32356
2314
20970
7766
10491
13217
31873
18669
4557
7282
10008
29572
15460
19094
4982
7708
10434
13159
15885
18611
21337
24063
26789
29514
32240
2198
4924
7650
10376
13101
806
3532
22188
8984
11710
14435
323
3049
5775
25339
28065
30790
16678
19404
22130
8926
11652
14377
265
2991
5717
25281
28007
30732
690
19346
6142
8868
11594
14320
17045
19771
22497
10202
28857
31583
18379
4267
6993
26557
29283
15170
1966
4692
7418
10144
28799
31525
1483
4209
6935
9661
12386
31951
1908
4634
7360
10086
12812
15538
19172
21898
24624
10511
14146
33
19597
21415
25049
27775
13662
17297
20023
22749
8636
11362
14088
1793
5427
24082
10879
13604
16330
19056
5852
8578
12213
30868
826
20390
6278
25842
11729
15364
18090
20815
23541
26267
28993
31719
17606
21241
7128
9854
12580
15306
2102
20757
7554
10279
13005
15731
1619
21183
7070
26634
29360
15248
2044
4770
8404
27060
29786
32512
2469
22033
24759
27485
13373
16099
2895
21550
8346
27002
29728
32454
19250
5137
24701
10589
30153
111
2837
21492
24218
11014
29670
32396
2353
21918
8714
27369
30095
16891
19617
5505
8230
27795
30520
478
3204
5930
8656
11382
30037
32763
19559
22285
8173
27737
13624
16350
3146
21802
8598
11324
14050
32705
19501
23136
9023
28587
31313
1271
19927
22652
25378
28104
14900
788
4422
23078
9874
28529
15326
18051
20777
6665
26229
12116
14842
1638
4364
7090
25746
28471
15268
17993
20719
23445
26171
28897
14784
1580
20236
7032
26596
12484
32048
17935
20661
7457
26113
28839
31565
1523
4248
23813
26538
12426
31990
1948
4674
23329
26055
28781
17394
4190
6916
26480
13277
16002
1890
4616
24180
26906
12793
15519
2315
5041
7767
26422
13219
15036
1832
21396
7284
26848
12735
32299
2257
20913
7709
26365
29090
15886
1774
4500
24064
26790
29516
15403
2199
4925
7651
26307
13103
31758
1716
4442
24006
10802
31275
17163
19888
22614
25340
12136
14862
17588
20314
23040
8927
11653
14379
1175
19830
6627
9352
12987
15713
1600
5235
23890
26616
13412
32068
18864
4751
7477
27041
29767
32493
2451
5177
7903
10628
13354
32010
18806
4693
7419
26983
12871
32435
2393
5119
23774
10570
13296
16022
18748
4635
24200
10087
12813
32377
18265
5061
7787
26442
13238
31894
1852
4578
7303
10029
29593
15481
18207
20933
23658
26384
29110
15906
1794
4520
24084
9971
30444
16332
19057
21783
24509
11305
14031
32687
19483
5370
8096
27660
30386
344
3070
5796
24451
11247
13973
16699
2586
5312
8038
10764
30328
16216
18942
21667
24393
11189
29845
32571
2529
22093
24819
27544
30270
228
18884
21609
24335
11131
13857
16583
2471
5196
24761
10648
30212
16100
19734
22460
8348
27912
13799
16525
19251
21977
24703
28337
31063
17859
20585
6472
9198
11924
31488
1446
4172
22827
25553
12349
15075
17801
3689
23253
9140
11866
14592
2297
5023
24587
27313
30038
32764
18652
5448
8174
26829
29555
16351
2239
4965
24529
27255
13142
15868
2664
5390
24046
26771
29497
32223
2181
4907
7633
27197
29923
15810
2606
5332
8058
10784
13510
32165
2123
21687
7575
27139
13935
16661
19387
6183
24838
11634
14360
17086
2974
22538
25264
11151
30715
673
19329
6125
24780
11576
14302
190
2916
5642
25206
11093
30657
615
3341
6067
24722
11519
30174
132
2858
5584
8309
27874
14670
17396
20121
6918
25573
28299
15095
983
3708
23273
25998
11886
14612
17338
4134
22789
25515
12311
15037
17763
20489
6376
25940
11828
32301
18188
20914
23640
10436
29092
31817
18614
21339
24065
26791
29517
32243
18130
20856
7652
26308
13104
31760
18556
4443
7169
9895
12621
32185
18072
20798
23524
10320
29884
32610
2568
5294
8020
10746
30310
16197
2993
21649
25283
28009
30735
32552
2510
5236
7962
10688
13413
16139
2935
5661
25225
27951
13839
16565
19290
22016
24742
11538
30194
17899
20624
7421
10146
13781
17415
3303
22867
25593
27410
31044
16932
3728
6454
26018
28744
31470
1428
20992
6879
26443
29169
36
2762
22326
25052
27777
13665
16391
19117
5913
8639
28203
18633
5429
8155
10881
13607
18150
21785
24510
27236
14032
1737
4463
7189
18943
14825
1621
4347
7073
26637
29363
32089
2047
20702
7498
10224
12950
32514
19310
5198
7924
10649
14284
171
2897
22461
9257
28822
31547
1505
21069
23795
26521
13317
16043
19678
6474
25129
11925
31490
1447
21012
6899
26463
29189
15985
1873
21437
24163
10050
29614
32340
2298
20954
23679
10476
13201
15927
2723
21379
8175
26831
14535
17261
19987
22713
25439
11326
14052
32708
2665
22230
8117
27681
30407
1274
3999
23564
26289
29015
15811
18537
21263
23989
9876
29441
32166
2124
20780
25323
13028
732
21205
23931
26657
29383
32108
18905
5701
25265
27991
30717
674
3400
6126
8852
11578
15212
1100
4734
7460
26116
12912
31567
1525
4251
23815
26541
13337
31993
1950
4676
24240
26966
12854
15580
18305
5102
23757
26483
13279
75
18731
21457
8253
10979
13704
17339
20065
22791
25516
11404
14130
16856
3652
22307
8195
10921
13646
16372
19098
21824
24550
28184
14980
17706
4502
23158
25884
12680
31335
1293
20857
22675
25400
28126
14922
17648
20374
23100
9896
28552
15348
1235
3961
23525
9413
12139
31703
17590
4387
23042
11655
30311
17107
2995
22559
8446
28010
30736
694
20258
7054
25710
12506
15232
1119
4754
7480
10206
28861
31587
18383
21109
23835
26561
29286
15174
17900
20626
7422
26077
12873
15599
1487
4213
23777
26503
29229
15116
1912
20568
7364
10090
28745
15541
17359
20993
23719
26445
29171
15058
17784
20510
7306
10032
12758
31413
1371
20935
6823
9548
29113
15000
1796
21360
24086
26812
29538
15425
19060
4947
9491
12216
14942
1738
5373
24937
27663
13550
2164
21728
8524
11250
13976
32631
2589
5315
8041
26696
29422
32148
2106
4832
7557
10283
13009
15735
18461
21187
23912
26638
29364
32090
2048
21612
25246
27972
14768
656
3382
22946
9742
28398
31123
1081
3807
6533
26097
28823
31549
1507
4232
22888
25614
28340
15136
1023
19679
6475
9201
11927
14652
17378
4174
6900
10535
30099
15986
2783
21438
8234
10960
13686
32341
4117
6842
9568
12294
15020
17746
20472
23197
25923
28649
31375
17262
19988
22714
25440
12236
14962
17688
3575
22231
24957
27683
30408
366
3092
5818
25382
28108
30834
792
3517
6243
8969
11695
14421
17147
19872
22598
25324
12120
14846
17572
20298
23024
25749
28475
31201
1159
5702
8428
11154
14788
17514
20240
22966
25691
28417
31143
1101
3827
6553
9278
12004
14730
17456
20182
22908
25634
28359
31085
17881
20607
23333
26059
28785
31511
1468
4194
6920
9646
12372
15098
17823
20549
23275
26001
28727
31453
1410
4136
6862
9588
12314
15040
17765
20491
23217
25943
28669
31395
1352
4078
6804
9530
12256
14982
17708
20433
23159
25885
29519
32245
19041
21767
24493
27219
29945
32671
2628
5354
24918
27644
14440
17166
3962
6688
9414
12140
14866
17592
20317
23043
9839
29404
32129
2087
21651
24377
27103
31646
1604
4330
7964
30254
212
2938
5664
8390
11115
13841
2455
5181
7906
10632
13358
16084
18810
21536
24261
26987
29713
32439
2397
5123
7848
10574
30138
96
2822
5548
9182
11908
14634
17360
20086
22812
25537
28263
30989
947
3673
6399
25963
28689
31414
1372
4098
6824
9550
29114
31840
1798
4523
7249
9975
12701
15427
2223
4949
7675
10400
13126
15852
18578
5374
8100
10826
13552
16277
19003
21729
24455
28089
31724
1682
4408
7133
9859
12585
15311
18037
20763
7559
10285
13010
15736
18462
21188
23914
26640
30274
232
2958
5684
8409
11135
13861
16587
19313
22039
24764
27490
30216
174
2900
5626
8351
11077
13803
16529
19255
21981
24706
27432
30158
116
2842
5568
8293
11019
13745
16471
19197
21923
24648
27374
30100
58
2784
5510
8236
10961
13687
16413
19139
21865
24591
27316
30042
5962
2726
5452
8178
10903
13629
16355
19081
21807
24533
28167
30893
851
3577
6302
25867
28592
31318
1276
4002
6728
9454
12179
14905
17631
20357
23083
25809
28534
31260
1218
3944
6670
9396
12121
14847
17573
20299
23025
25751
28477
31202
1160
3886
6612
9338
12064
14789
17515
21150
23876
10672
14306
17032
19758
23392
27027
32478
3345
6071
8796
11522
14248
16974
19700
22426
25152
27877
30603
561
4195
6921
10556
29211
16007
1895
21459
7347
26911
29637
32362
19159
5046
24610
10498
30062
15949
18675
21401
24127
26853
13649
16375
19101
21827
24552
10440
30004
32730
18617
5414
8139
26795
29521
16317
2204
4930
24494
27220
29946
32672
18559
21285
8081
10807
29463
16259
3055
21711
8507
11233
13958
16684
19410
5298
8023
27588
13475
271
2997
6632
26196
12083
31647
1605
20261
7057
9783
12509
15234
17960
3848
6574
26138
12025
31589
1547
4273
6999
9725
12451
31106
17902
20628
23354
9242
28806
31532
17419
4215
6941
25597
28322
15119
1006
20570
6458
26022
28748
14635
1431
20087
6883
9609
12335
30990
17786
20512
6400
9126
28690
31416
17303
4099
22755
25481
28207
30932
17729
3616
7250
26815
12702
15428
3133
5859
25423
28149
30874
832
20396
6284
25848
11736
31300
17187
3983
6709
25365
28091
30816
17613
3500
23064
8952
11678
31242
17129
19855
6651
9377
28033
30759
716
3442
6168
8894
28458
31184
1142
19797
6593
9319
12045
14771
658
20223
6110
25674
27491
30217
1084
3810
6535
25191
27917
30643
17439
20165
23799
26525
13321
16047
18773
21499
24224
26950
29676
16472
19198
21924
24650
27376
30101
59
2785
5511
8237
10963
13688
16414
19140
21866
24592
27318
30043
1
2727
5453
8179
27743
30469
16356
3153
5878
8604
11330
14056
32711
19508
22233
8121
10847
30411
16298
3095
21750
24476
27202
13998
16724
19450
5337
8063
27627
30353
16240
18966
21692
9397
12123
30778
736
20300
6188
8914
28478
31204
18000
3887
6613
9339
12065
14791
1587
20242
7038
9764
28420
15216
17942
20668
6555
26119
12007
14733
1529
4255
22910
25636
29271
15158
17884
4680
23336
10132
12858
31513
1471
4197
23761
26487
29213
31938
17826
20552
7348
10074
12800
15525
1413
20977
6865
26429
29155
31880
18677
4564
8199
27763
13650
16376
19102
21828
8624
28188
14076
872
4506
24070
10866
15410
18135
4932
7657
26313
29039
31765
18561
4448
7174
26738
12626
32190
2148
4874
23529
10325
13051
31707
1664
21229
7116
26680
29406
15294
2090
4816
7541
26197
12993
31649
18445
4332
23897
26622
12510
15236
17962
20687
23413
10209
12935
15661
1549
4274
7000
9726
30199
157
18812
6517
9243
27898
30624
17420
3308
22872
25598
28324
14211
1007
3733
22389
9185
27840
14637
17362
20088
22814
9610
12336
30992
949
20514
22331
25057
11853
14579
17304
4101
22756
9552
12278
15004
891
3617
6343
25907
11795
31359
17247
4043
24515
10403
29967
15855
2651
21306
8102
26758
29484
32210
19006
21732
7619
27183
29909
16705
19431
22157
8953
11679
30334
292
3018
5744
8470
12104
14830
17556
20282
23008
25733
28459
14347
1143
3869
7503
26159
12955
15681
1568
21132
23858
11563
14289
17015
19741
22466
8354
11080
30644
16531
3328
22892
9688
12414
31069
17865
20591
6479
26043
12839
15565
1452
4178
6904
26468
12356
31920
17807
3695
7329
10055
12781
31437
18233
4120
6846
10481
29136
31862
1820
21384
7271
9997
29561
32287
19083
21809
24535
27261
29987
32713
19509
22235
24960
27686
30412
370
3096
5822
24477
11273
13999
16725
19451
23085
25811
12607
15333
18059
20785
7581
11215
14850
17576
3463
8006
10732
13458
16184
18910
21635
24361
27087
29813
15701
18426
5223
23878
26604
29330
32056
18852
21578
7465
10191
12917
15643
18368
21094
7890
10616
29272
31998
18794
21520
24245
27880
30606
18310
21036
7832
26488
13284
31940
2806
5532
24187
26913
13709
32365
2323
21887
24613
27339
13226
15952
2748
21404
24130
10926
29581
15469
18195
20920
23646
26372
29098
31824
1782
4507
7233
9959
12685
15411
18137
21771
26314
29040
31766
1724
4450
7175
9901
13536
16261
18987
21713
24439
27165
29891
32617
2574
22138
24864
27590
30316
274
3000
6634
25290
12086
30741
699
20263
22989
8877
28441
14328
17054
19780
6576
9302
12028
30683
641
20205
22931
8819
11545
31109
1067
19722
22448
25174
27900
30625
17422
20147
22873
25599
28325
31051
1009
3734
6460
9186
11912
14638
17364
3251
22815
25541
12337
15972
1859
21423
7311
10037
29601
15488
18214
5010
23666
10462
30026
15914
18640
5436
24091
10887
29543
32269
2227
4953
7678
10404
13130
15856
2652
21308
8104
10830
29485
32211
2169
4895
24459
10346
13072
32636
2594
5320
23975
26701
29427
16223
18949
4837
24401
10288
13014
15740
2536
21192
23918
26643
29369
32095
18891
4779
7505
10230
30703
16591
19316
6113
24768
27494
30220
178
19742
22468
25194
11081
13807
603
19259
6055
24710
11506
30162
16958
19684
22410
25136
11932
14658
545
20109
22835
9631
12357
15083
17809
3696
23260
9148
28712
14600
1396
20051
22777
9573
12299
30955
19568
5456
25020
10907
13633
429
19085
21811
24536
28171
14967
855
20419
23145
9032
28596
31322
18118
20844
7640
26296
29022
31747
18544
4431
7157
26721
12609
32173
2131
4856
23512
26238
13034
31689
18486
21211
23937
9825
12551
15276
2073
20728
23454
10250
12976
15702
1589
4315
23879
26605
12493
15219
17944
4740
7466
26122
12918
31574
18370
4257
23821
26547
13343
16069
2865
5591
8317
11043
29698
16495
19220
21946
24672
10560
13285
82
19646
22372
25097
11894
30549
17345
3233
22797
8684
28249
30974
17771
3658
6384
9110
28674
31400
17287
20013
22739
9535
28191
14987
874
20438
6326
25890
28616
31342
1300
4025
22681
25407
28133
30858
816
3542
6268
25832
11720
14446
1242
3967
22623
9419
12145
14871
17597
3484
6210
8936
11662
31226
1184
3910
6635
26200
28925
31651
18447
5244
23899
10695
13421
16147
18873
21599
7486
27050
29776
15664
18389
21115
7911
10637
29293
16089
18815
21541
12880
18331
5128
7853
27418
30143
16031
18757
5553
8279
11005
13730
17365
20091
5978
25542
28268
14156
952
3678
6404
25059
11855
30511
17307
20033
22759
13189
17732
21367
8163
26818
29544
16340
2228
4954
8588
28152
30878
836
3562
6288
24943
27669
30395
17191
4896
7622
27186
13073
15799
18525
5321
23977
31246
19859
22585
9381
28945
31671
1629
4355
7080
25736
28462
31188
1146
4780
7506
10232
14775
17501
20226
22952
9748
12474
15200
1088
3813
6539
30646
19260
22894
9690
28346
31072
17868
3755
23320
26045
11933
14659
1455
5089
24654
27379
13267
1880
21444
24170
26896
12784
32348
2306
5031
23687
10483
914
22295
9091
28655
31381
17269
4065
6791
8608
11334
14060
17694
3582
6307
9033
28597
373
19937
5824
8550
28114
14002
798
19453
22179
8975
27631
2132
6675
27148
13035
15761
2557
21213
23939
10735
29390
32116
2074
22547
25272
11160
30724
17520
20246
7042
25698
28424
31149
17946
20671
6559
26123
12011
2441
7893
27457
30183
16979
19705
5592
24248
26974
30608
16496
3292
6018
26491
29216
16012
1900
4626
24190
10078
29642
15529
18255
20981
23707
10503
29158
19589
8202
27767
31401
1359
20014
6810
25466
28192
30918
1784
5419
24074
10870
13596
16322
2209
21774
7661
11296
30860
818
19473
6269
24925
27651
30376
4877
9420
13055
32619
18507
21232
8029
10754
13480
16206
18932
7545
26201
28927
31652
1610
4336
23900
26626
29352
15240
17965
4761
7487
26143
28869
15665
6095
10639
14273
1069
3795
23359
9247
12881
31537
18333
4220
6946
26510
12398
15124
17849
4646
7371
10097
30570
17366
3254
6888
26452
12340
31904
17792
8222
29603
16400
20034
5922
8647
11373
15916
1804
4530
7256
27728
30454
17250
19976
22702
8590
11315
30879
837
3563
6289
9015
27670
14467
17192
19918
10349
31730
17618
4414
23069
25795
12591
31247
1205
3931
6656
25312
28038
30764
721
3447
6173
8899
11625
16168
18894
21620
24345
27071
29797
663
3389
10658
32040
18836
4723
7449
10175
29739
15627
18352
21078
23804
26530
13326
31982
1940
4665
26955
12843
15569
2365
21020
7817
10542
13268
15994
1882
21446
11876
16419
3216
5941
8667
11393
14119
6
18662
5458
8184
27748
30474
17270
3158
5883
8609
28173
30899
17695
20421
7217
9943
28599
15395
1282
4008
11277
17637
3525
6251
8977
11702
14428
1224
19880
22606
8493
11219
30783
741
3467
6193
8919
11645
258
2984
5710
8435
11161
13887
16613
19339
27516
16130
2926
21581
24307
27033
13829
15646
2443
5168
7894
10620
31093
16980
3776
22432
9228
27884
16497
19223
5110
24675
10562
13288
84
2810
21465
11896
17348
3235
6870
9596
12321
15047
1843
4569
23225
25951
31402
18198
20924
23650
9538
29102
31828
1785
4511
7237
25893
28618
15415
2211
20866
12205
819
20383
23109
8996
28561
31286
336
19900
22626
9422
28077
30803
761
5304
8030
10756
30320
278
3003
21659
24385
27111
29837
32562
19359
5246
28445
1128
3854
23418
10214
12940
32504
19301
5188
24752
10640
13366
162
2888
5613
24269
11065
32446
2404
21060
23786
26512
29237
31963
1921
4647
7373
30571
3255
21911
25545
28271
30997
954
3680
6406
9132
28696
32331
2288
20944
23670
26396
29121
15918
18643
6348
9074
11800
14526
17252
3139
22703
25429
31789
20403
23129
25854
11742
14468
17194
19919
22645
9441
13076
15802
19436
22162
24888
27614
30340
297
3023
5749
8475
11201
13927
16652
19378
22104
24830
27556
30282
239
2965
10234
31616
18412
4299
23863
9751
30224
17020
19746
22471
9268
11993
32466
2424
5150
7876
10602
13327
16053
18779
21505
24231
26957
29682
32408
2366
7818
31016
16904
19630
5517
9152
28716
17329
3217
22781
10486
29141
15937
1825
21389
7277
26841
13637
18180
4976
24540
10428
13154
15879
2676
21331
24057
26783
13579
375
19031
21756
24482
27208
29934
32660
2618
5343
8069
10795
13521
16247
3043
21698
24424
27150
13946
16672
19398
22124
8011
27575
13463
16189
18915
21641
24366
27092
13888
16614
2502
22066
24792
10679
13405
201
18857
6562
9287
12013
14739
17465
4261
22917
9713
28368
31094
1052
3778
23342
9229
28794
31519
17407
4203
6929
25584
28310
15106
994
3720
23284
26010
11897
31461
17349
20075
22801
25526
28252
15048
1845
4570
7296
10022
12748
15474
18200
20925
7722
28194
15899
18625
6330
24985
27711
30437
395
4029
7664
26319
29045
31771
18567
21293
8089
10815
31288
17175
3971
6697
9423
28987
31713
1671
5305
8031
26687
29412
32138
18934
4822
24386
11182
30746
17543
20268
6156
8882
11608
17059
19785
6581
26145
12033
31597
18393
5189
9732
28388
31114
17910
20636
23362
26087
28813
15609
2406
5131
7857
10583
13309
16035
18761
5557
25121
11008
13734
530
20095
23729
27363
30089
16885
3682
6407
25972
12768
15494
18219
20945
23671
26397
29123
31849
1806
4532
7258
9984
12710
15436
3140
5866
8592
11318
14044
16770
19495
22221
24947
27673
30399
357
3082
5808
8534
11260
13986
16712
19437
22163
24889
27615
30341
299
3024
5750
8476
11202
13928
16654
19380
22105
24831
27557
30283
241
2967
5692
8418
11144
13870
16596
19322
22047
24773
28408
31134
1091
3817
6543
9269
11995
14721
17446
20172
22898
25624
28350
31076
1033
3759
6485
9211
11937
14663
17388
20114
6910
25566
28292
31018
975
20540
6427
9153
11879
31443
1401
20056
6852
25508
12304
30960
918
20482
6369
25933
11821
14547
17273
4069
22724
9520
12246
14972
17698
20424
6311
9946
29510
15397
2194
4919
8554
11280
31752
17640
4436
23092
25817
28543
32178
2136
20791
23517
26243
13039
15765
1652
4378
23942
9830
29394
32120
18007
20733
23459
10255
12981
31637
1594
21159
7046
26610
12498
1111
21584
24310
27036
12923
15649
2445
21101
23826
26552
29278
32004
1962
4688
24252
26978
12865
15591
2387
5113
7839
10565
14199
16925
20559
6447
9173
12807
14624
17350
4146
6872
9598
29162
15050
17776
20501
23227
10023
12749
32313
2271
4997
7723
10449
13175
15900
18626
21352
24078
26804
12691
32255
2213
20869
7665
26320
29046
15842
18568
4456
7182
9908
29472
32197
18085
20811
7607
10333
28988
15785
1672
21236
8032
10758
13484
32140
2097
21662
7549
27113
29839
16635
2523
21178
23904
26630
29356
32082
2948
5674
8400
11126
14760
648
20212
6099
8825
11551
14277
1073
19728
6525
26089
28815
14702
17428
4224
23788
10584
12402
15127
1924
20579
24214
11010
13736
32391
2349
5075
8709
12344
15069
17795
3683
23247
10043
12769
31425
2291
5017
23672
10468
14103
32758
19555
5442
8168
27732
30458
416
19071
21797
24523
27249
14045
32701
19497
22222
24948
11744
14470
17196
3992
6718
25374
12170
14896
783
20347
23073
8961
11687
31251
17138
3934
6660
25316
12112
14838
725
3451
23015
25741
12537
15263
1151
20715
7511
10237
12963
15688
2485
22049
8845
11571
14296
17022
3818
7453
10179
15630
18356
21991
8787
11513
30168
126
19690
22416
8304
27868
30594
16481
19207
6003
8729
27384
14181
16906
3703
23267
25993
11880
31444
17332
4128
22783
25509
12305
15031
17757
5462
25026
27752
30478
16365
3161
5887
8613
27269
14065
17699
20425
7221
9947
29511
32237
2195
4921
23576
27211
13098
15824
18550
5346
24002
26727
29453
17158
3954
22610
27153
29879
32604
21218
7105
9831
29395
15283
2079
20734
23460
26186
28912
15708
18434
4321
23886
26611
29337
16133
2930
21585
8381
27037
30671
629
3355
6081
24736
11532
30188
16984
19710
5597
8323
11049
30613
16501
3297
6023
8749
11474
14200
996
19652
6448
25104
27830
14626
17352
3239
21895
8691
28255
14142
939
3664
6390
25046
27772
30497
20928
23654
10450
13176
16810
19536
6332
9058
27714
14510
397
3123
22687
25413
11301
14935
17661
20387
6274
25838
12635
16269
2157
4882
24447
27172
29898
32624
19420
5308
9851
12577
15303
18028
3916
23480
9368
12093
14819
17545
20271
22997
25723
28448
15245
19788
6584
25239
27965
31600
1557
4283
7009
9735
12461
15187
1983
21547
8343
27907
13795
17429
3317
6043
8768
28333
31967
1925
20580
23306
11011
15554
18280
5076
23732
27366
14162
16888
19614
22340
9136
11862
14587
475
3201
22765
25491
28217
30942
900
3626
22282
25008
27733
30459
417
4051
23616
26341
29976
32702
3568
23132
25858
11746
31310
1268
19923
22649
25375
28101
14897
17623
3510
23074
8962
11688
31252
17139
19865
6661
9387
12113
30769
726
3452
23016
8904
11630
14356
1152
19807
5695
25259
13872
16598
3394
6120
8846
11572
32045
2003
4728
23384
26110
28836
31561
18358
21083
23809
11514
31078
19691
22417
8305
11939
30595
17391
3279
6004
8730
11456
14182
978
19634
22359
9156
11881
30537
17333
3221
5946
8672
11398
30962
16850
20484
6372
25936
11823
14549
17275
20001
22727
25453
12249
14975
17700
3588
23152
9040
11765
14491
1287
20852
23577
10374
29029
15825
18551
4439
7164
9890
29454
31272
1230
20794
7590
10316
29880
15767
2563
5289
23945
26671
13467
32122
2080
21644
24370
27096
13892
32548
19344
5231
7957
10683
13409
16135
19769
5657
10200
12926
31581
1539
4265
6991
9716
12442
32006
18803
4690
24254
10142
29706
15593
2390
21045
7841
10567
29223
16019
18745
21470
8267
10992
13718
514
19170
5966
8692
11418
30073
31
2757
5483
25047
10935
30499
457
2274
21838
8634
11360
30015
16812
19537
22263
24989
10877
30441
399
19054
21780
24506
27232
14028
16754
19479
22205
8093
27657
13544
16270
18996
5792
8518
11244
13970
32625
2583
5309
24873
27599
30325
16212
18938
5734
8460
27116
29842
32567
19364
22089
9794
28450
31176
1133
20698
23423
9311
12037
14763
1559
4285
6102
9736
28392
31118
1075
20640
6527
9253
28817
14705
1501
4227
6952
9678
28334
31060
1017
3743
6469
9195
11921
31485
17373
4169
22824
9620
12346
31002
17798
3685
7320
25975
14589
476
20040
5928
8654
11380
14105
902
3627
22283
25009
11805
14531
418
19982
22708
9504
12230
31794
17682
20408
7204
26768
29494
15381
18107
4903
23559
9446
13081
31736
1694
21258
7146
26710
29436
32162
18049
20775
23501
26227
28953
31679
17566
20292
7088
26652
29378
32104
2062
21626
7513
27078
29803
15691
2487
21143
7939
26594
13390
32046
2004
4730
24294
10181
29745
15633
2429
21085
7881
26536
13332
31988
18784
4672
7398
27870
30596
554
3280
21935
8731
11457
14183
71
3705
22361
9157
11883
30538
16426
3222
22786
25512
11399
30963
921
6373
9099
11825
14551
17276
20002
6798
9524
12250
30906
863
3589
23153
9041
28605
14493
1289
4015
6740
25396
28122
31756
1714
20370
7166
25821
12617
31273
1231
3957
23521
26247
12134
14860
1656
20312
23037
25763
12559
264
18920
21646
24371
27097
29823
32549
2507
6141
25705
11593
31157
17045
19770
6567
25222
12018
30674
17470
20196
22922
8809
11535
31099
1057
3783
23347
9234
11960
14686
18321
4208
6934
9660
12386
31950
17837
20563
7359
10085
12811
32375
18263
5059
23714
26440
29166
31892
18688
4576
7301
26865
12753
15479
2275
5001
23656
26382
13178
32743
19539
22264
29533
18147
5852
25416
28141
30867
825
19481
6277
9003
11729
31293
17180
19906
22632
27175
29901
32627
2584
5310
8036
10762
13488
16214
18939
22574
25300
15730
4344
7070
26634
29360
16156
2043
21607
7495
26150
29785
31602
1560
4286
7012
28393
15189
17915
4711
23367
26093
12889
31544
18340
4228
6954
15131
20583
24217
11013
29669
16465
2353
5079
7804
10530
14165
15982
20525
7321
10047
12773
15499
18224
20950
23676
26402
29128
31854
1811
4537
7263
31370
4054
6780
26344
29070
31796
1754
21318
7205
9931
12657
15383
20834
7631
10356
29012
15808
18534
4421
23986
26711
29437
32163
2121
4847
23502
14841
3455
7089
10724
29379
32105
18901
21627
7515
11149
13875
16601
2488
5214
7940
10666
15209
18843
4731
7457
27021
12908
15634
18360
21086
23812
10608
1038
5582
25146
11942
31506
1464
4190
22845
25571
28297
31023
981
4615
23271
10067
12792
31448
21879
7766
27330
13218
15944
18670
5466
24121
26847
18186
6800
9525
29090
31815
1773
22246
8134
10859
13585
16311
19946
5833
8559
28123
30849
19462
22188
24914
27640
14436
17162
19888
22613
25339
28065
18496
23947
27582
13469
265
2991
21647
24373
27099
12986
15712
18438
21164
25707
28432
31158
1116
3842
6568
9294
12020
14745
17471
20197
22923
25649
28375
19714
7419
26983
29708
16505
19230
21956
24682
27408
31042
17839
19656
22382
25107
12812
32376
2334
5060
24624
10512
13238
34
3668
7303
25958
28684
31410
21840
10454
29109
15905
18631
21357
24083
26809
29535
32260
2218
22691
9487
12213
14939
17665
20391
23116
25842
28568
31294
1252
3978
23542
26268
28993
31719
1677
4403
7129
9855
12580
15306
18032
20758
23484
26210
28935
31661
1619
6162
8888
11614
14340
22517
27969
14765
1561
21125
23851
26577
29303
32029
1987
4712
7438
26094
30637
17433
20159
6046
8772
11498
31062
1020
19676
6472
9198
11923
14649
17375
24644
13257
15983
2779
22343
25069
27795
13683
479
19134
5022
7748
10474
13199
15925
18651
21377
24103
26829
31372
1329
4055
6781
9507
13141
15867
18593
9932
30405
1272
20836
7632
26287
29013
15809
1697
21261
23987
26713
31256
2122
21686
7574
10300
29864
15751
2548
6182
24837
27563
30289
247
2973
22537
8425
11150
13876
16602
19328
22054
24780
27505
17936
6549
26114
29748
15635
18361
5157
23813
26539
29265
16061
18787
5583
8309
11034
13760
32416
2374
21938
8734
30115
73
2799
23272
9159
28723
31449
17337
4133
6859
9585
28240
30966
924
3650
6376
9101
11827
14553
17279
4075
23639
10435
13161
31817
18613
4500
7226
9952
13586
16312
19038
22673
8560
11286
30850
808
19464
6260
24915
11711
30367
1233
23523
28066
31701
1659
4384
7110
9836
12562
15288
18014
20740
23465
10261
14805
18439
5235
7961
10687
13413
32068
2026
21590
7478
10204
12929
32494
6994
11537
15172
1968
4694
7420
10146
12871
15597
18323
21049
23775
11480
14205
16931
19657
22383
25109
27835
30560
518
3244
5970
8696
11422
14147
16873
24142
12756
16390
3186
21842
24568
11364
14090
32745
19541
5429
24993
12698
15423
1311
4037
6763
9488
13123
15849
18575
21300
8097
10822
29478
16274
3070
5796
8522
11248
13974
770
19425
23060
26694
29420
32146
18033
4830
23485
10281
28937
31663
1620
4346
7072
9798
12524
15250
2046
8406
29787
17492
4288
23852
11557
14283
17009
3805
23369
26095
28821
15617
20160
6956
9682
28338
31063
17860
20585
6473
9199
28763
14650
17376
20102
7807
31005
2781
23253
25979
28705
17318
3206
5932
8658
28222
14109
16835
19561
6357
25013
27738
14535
17260
3148
22712
8600
28164
14051
16777
3573
6299
9025
15385
3999
23563
27197
13993
32649
2607
22171
24897
27623
31257
1215
3941
22596
9392
28048
30774
732
20296
6183
25747
28473
14361
1157
19812
22538
30716
3399
22964
26598
29324
32050
2008
4733
23389
27932
14728
17454
5159
7885
10610
30175
16062
2858
5584
24240
26965
13762
32417
19213
21939
7827
10552
983
6435
