4 -1322
4 -9356
4 9461
3 -10270
3 -10636
3 -13308
3 -13866
3 -14735
3 -1700
3 -17671
3 -1794
3 -184
3 -2186
3 -2222
3 -2254
3 -3012
3 -3020
3 -3041
3 -3215
3 -326
3 -4020
3 -4609
3 -5407
3 -631
3 -7881
3 -7903
3 -8687
3 1181
3 12420
3 12517
3 13472
3 13706
3 14438
3 14682
3 15588
3 1599
3 1706
3 17426
3 2947
3 3146
3 3212
3 3261
3 3978
3 469
3 5311
3 550
3 697
3 715
3 890
3 9209
3 9365
3 9925
2 -10075
2 -10109
2 -10136
2 -10174
2 -10195
2 -10209
2 -10305
2 -10343
2 -10477
2 -10534
2 -10583
2 -10587
2 -10590
2 -10612
2 -1062
2 -10621
2 -10751
2 -1088
2 -10926
2 -1094
2 -1100
2 -111
2 -11119
2 -1121
2 -11302
2 -11324
2 -1146
2 -11468
2 -11478
2 -11541
2 -11551
2 -1160
2 -11702
2 -11913
2 -12023
2 -12048
2 -12054
2 -12069
2 -12263
2 -12299
2 -12300
2 -1237
2 -1238
2 -12424
2 -1249
2 -12586
2 -1259
2 -1279
2 -12844
2 -12893
2 -12964
2 -13212
2 -13226
2 -13285
2 -1338
2 -13399
2 -13514
2 -13553
2 -1356
2 -13787
2 -1384
2 -13875
2 -1390
2 -13967
2 -13970
2 -13975
2 -1398
2 -141
2 -14102
2 -14146
2 -1417
2 -14339
2 -1436
2 -14362
2 -14394
2 -14557
2 -14563
2 -14698
2 -1473
2 -14762
2 -1483
2 -1484
2 -14874
2 -15152
2 -15267
2 -1539
2 -1544
2 -15467
2 -15662
2 -15666
2 -15761
2 -15898
2 -15993
2 -1601
2 -16028
2 -16065
2 -1612
2 -16188
2 -16205
2 -16415
2 -1643
2 -1645
2 -16464
2 -16529
2 -16590
2 -1660
2 -16781
2 -16801
2 -1690
2 -1698
2 -1705
2 -17064
2 -17083
2 -17090
2 -17115
2 -1714
2 -17174
2 -17182
2 -17468
2 -17488
2 -1752
2 -17524
2 -17543
2 -1763
2 -1764
2 -17955
2 -1798
2 -1814
2 -18337
2 -18504
2 -18578
2 -1878
2 -1882
2 -18857
2 -1894
2 -18994
2 -1901
2 -19048
2 -19101
2 -19150
2 -19341
2 -19451
2 -19712
2 -198
2 -1981
2 -1988
2 -2000
2 -20025
2 -20115
2 -20220
2 -2028
2 -20293
2 -2077
2 -2084
2 -20845
2 -2086
2 -21102
2 -21295
2 -21319
2 -2139
2 -214
2 -21531
2 -2213
2 -2223
2 -22322
2 -22480
2 -2249
2 -22657
2 -2287
2 -22916
2 -22927
2 -2332
2 -23622
2 -23804
2 -2397
2 -24453
2 -24750
2 -25045
2 -2520
2 -2554
2 -2575
2 -25785
2 -25973
2 -26615
2 -26820
2 -2684
2 -27
2 -27069
2 -2710
2 -2731
2 -2781
2 -2793
2 -2816
2 -2820
2 -2839
2 -2887
2 -2903
2 -2948
2 -2951
2 -29940
2 -2996
2 -3002
2 -3010
2 -3017
2 -3036
2 -3046
2 -3047
2 -3048
2 -3135
2 -3219
2 -3245
2 -3262
2 -3269
2 -334
2 -335
2 -3369
2 -3428
2 -3442
2 -3498
2 -3525
2 -3539
2 -3701
2 -3850
2 -3937
2 -3945
2 -3946
2 -3996
2 -403
2 -4065
2 -4075
2 -4159
2 -4199
2 -4230
2 -4295
2 -4306
2 -4317
2 -4322
2 -4364
2 -4377
2 -4397
2 -4406
2 -4418
2 -4437
2 -4445
2 -4527
2 -4544
2 -4580
2 -466
2 -4736
2 -4737
2 -4764
2 -4783
2 -4784
2 -4785
2 -4807
2 -4856
2 -4880
2 -4970
2 -4985
2 -4990
2 -5
2 -5013
2 -5019
2 -5079
2 -5139
2 -5150
2 -5229
2 -5230
2 -5231
2 -5372
2 -5402
2 -5417
2 -5478
2 -548
2 -5613
2 -5618
2 -5631
2 -5678
2 -5690
2 -5730
2 -5758
2 -5790
2 -5805
2 -5829
2 -5980
2 -5984
2 -6002
2 -6010
2 -606
2 -6070
2 -6104
2 -6120
2 -6210
2 -6241
2 -6282
2 -6283
2 -6309
2 -6335
2 -6467
2 -6488
2 -6498
2 -650
2 -6523
2 -655
2 -6558
2 -6571
2 -6662
2 -6668
2 -673
2 -6764
2 -6770
2 -6814
2 -6868
2 -687
2 -69
2 -6907
2 -6948
2 -6993
2 -7167
2 -7191
2 -7199
2 -7226
2 -732
2 -7346
2 -7404
2 -742
2 -7454
2 -7471
2 -7522
2 -7579
2 -7584
2 -7629
2 -7632
2 -764
2 -767
2 -7678
2 -7687
2 -7724
2 -7728
2 -776
2 -7838
2 -7902
2 -791
2 -7962
2 -8070
2 -8073
2 -8075
2 -8174
2 -8181
2 -8209
2 -830
2 -8365
2 -8447
2 -848
2 -8562
2 -8613
2 -8667
2 -8700
2 -8746
2 -8828
2 -8878
2 -8914
2 -8915
2 -8955
2 -8978
2 -8983
2 -900
2 -9039
2 -9067
2 -9162
2 -9215
2 -9223
2 -9244
2 -9337
2 -9454
2 -9518
2 -9578
2 -964
2 -9648
2 -9673
2 -9730
2 -9769
2 -9808
2 -9866
2 -9909
2 -9913
2 10088
2 1012
2 10217
2 10264
2 10360
2 10378
2 10391
2 10465
2 10488
2 10520
2 10529
2 10611
2 10699
2 10712
2 10744
2 10800
2 10969
2 11034
2 11067
2 11117
2 11127
2 11175
2 11195
2 11231
2 11267
2 11269
2 1141
2 1154
2 11614
2 11779
2 11790
2 11836
2 11881
2 11931
2 11958
2 1198
2 12022
2 12040
2 12061
2 12120
2 1217
2 12172
2 12175
2 12197
2 12247
2 12254
2 12262
2 12333
2 12375
2 12382
2 12494
2 1252
2 12548
2 1260
2 12621
2 12676
2 12695
2 12750
2 12783
2 12802
2 12806
2 12840
2 12848
2 12938
2 12995
2 12996
2 13
2 1314
2 13174
2 13228
2 1330
2 1334
2 13416
2 13429
2 135
2 13557
2 13687
2 13805
2 13868
2 13900
2 13981
2 1404
2 14160
2 14209
2 1427
2 1429
2 14298
2 1431
2 14323
2 14432
2 1450
2 1451
2 14543
2 1456
2 14661
2 14695
2 14699
2 1480
2 14826
2 1492
2 15014
2 15158
2 15290
2 15384
2 15390
2 1544
2 15485
2 15506
2 15626
2 15774
2 15852
2 15874
2 15950
2 1630
2 16311
2 16335
2 1641
2 16437
2 1648
2 16570
2 1673
2 16854
2 1715
2 17176
2 17255
2 17545
2 17546
2 17556
2 17670
2 17676
2 17712
2 17763
2 1780
2 17841
2 17855
2 17922
2 180
2 1801
2 1814
2 18166
2 18185
2 18216
2 18232
2 1825
2 1835
2 18526
2 1854
2 19066
2 19203
2 1925
2 19276
2 19285
2 1938
2 19384
2 19398
2 1956
2 19603
2 19687
2 19826
2 19888
2 19891
2 1995
2 2003
2 20047
2 20100
2 2030
2 20367
2 20388
2 20461
2 205
2 2065
2 2067
2 20682
2 2069
2 20793
2 21143
2 21153
2 21182
2 2139
2 21422
2 21522
2 21575
2 21684
2 21696
2 21720
2 21734
2 2177
2 2196
2 2198
2 21992
2 22
2 22244
2 22350
2 2260
2 2265
2 2275
2 2306
2 23176
2 23226
2 23400
2 23635
2 23788
2 2379
2 24056
2 24111
2 24163
2 24332
2 24369
2 24495
2 2452
2 2465
2 2494
2 2540
2 257
2 2593
2 26352
2 26358
2 2649
2 26544
2 26571
2 2674
2 2675
2 26780
2 2707
2 2714
2 2781
2 28035
2 2805
2 2853
2 2877
2 2893
2 2896
2 2905
2 2916
2 2943
2 2970
2 3006
2 3030
2 3151
2 3184
2 3201
2 3205
2 321
2 3278
2 3281
2 3331
2 3377
2 3462
2 3533
2 3539
2 3613
2 3620
2 3649
2 3703
2 3705
2 3727
2 3742
2 3801
2 3829
2 3872
2 3907
2 4026
2 405
2 4056
2 4154
2 427
2 4346
2 4354
2 4363
2 4367
2 4377
2 4389
2 439
2 4436
2 4438
2 4502
2 460
2 4667
2 4721
2 473
2 4743
2 4745
2 478
2 4865
2 4873
2 4884
2 4892
2 490
2 4962
2 4986
2 5008
2 5012
2 5030
2 509
2 511
2 5147
2 5155
2 5166
2 5169
2 5328
2 5375
2 5448
2 5466
2 5469
2 5499
2 5500
2 5550
2 5585
2 5586
2 56
2 5607
2 5624
2 5664
2 5670
2 5692
2 5695
2 5707
2 5714
2 5725
2 5819
2 5824
2 5850
2 5887
2 5973
2 601
2 6056
2 6068
2 6195
2 6260
2 6293
2 6294
2 6398
2 6469
2 6515
2 6552
2 6580
2 6626
2 6667
2 6703
2 6776
2 6798
2 6799
2 682
2 6869
2 6884
2 6912
2 7013
2 7075
2 7085
2 7121
2 7145
2 7148
2 7190
2 7220
2 7357
2 7444
2 7463
2 7488
2 7536
2 7554
2 7630
2 7636
2 7669
2 7673
2 7792
2 7805
2 7839
2 7862
2 7876
2 7925
2 8003
2 8021
2 8026
2 803
2 8038
2 8048
2 8191
2 8308
2 8311
2 8339
2 8350
2 8381
2 8417
2 8446
2 8503
2 8537
2 8635
2 8722
2 8723
2 873
2 8738
2 878
2 879
2 8867
2 8894
2 89
2 8939
2 8998
2 9015
2 908
2 9086
2 9125
2 913
2 9259
2 9271
2 9320
2 940
2 9685
2 9780
2 9913
2 9919
1 -10013
1 -10023
1 -10025
1 -10027
1 -10030
1 -10039
1 -10041
1 -10042
1 -10047
1 -10048
1 -10054
1 -10064
1 -10066
1 -10068
1 -10071
1 -10079
1 -10084
1 -10090
1 -10092
1 -10095
1 -10105
1 -10107
1 -10110
1 -10119
1 -10122
1 -10128
1 -10134
1 -10149
1 -10153
1 -10159
1 -1017
1 -10171
1 -10175
1 -10182
1 -10189
1 -10191
1 -10192
1 -1020
1 -10200
1 -10205
1 -10208
1 -10211
1 -10212
1 -10215
1 -1022
1 -10221
1 -10236
1 -10239
1 -10240
1 -10244
1 -10254
1 -10255
1 -10260
1 -10261
1 -10268
1 -10269
1 -10277
1 -10279
1 -10280
1 -10281
1 -10287
1 -10301
1 -10304
1 -1031
1 -10313
1 -10316
1 -10323
1 -10327
1 -1034
1 -10358
1 -10359
1 -10361
1 -10368
1 -10379
1 -10382
1 -10385
1 -10388
1 -10390
1 -10403
1 -10404
1 -10406
1 -10408
1 -10430
1 -10441
1 -10443
1 -10448
1 -10449
1 -10453
1 -10459
1 -10460
1 -10470
1 -10473
1 -10483
1 -1049
1 -10491
1 -10492
1 -10493
1 -10504
1 -10515
1 -10516
1 -10520
1 -10521
1 -10523
1 -10524
1 -10525
1 -10526
1 -10531
1 -10532
1 -1054
1 -10541
1 -10542
1 -10560
1 -10571
1 -1058
1 -10582
1 -10589
1 -10594
1 -10599
1 -1061
1 -10616
1 -10617
1 -10623
1 -10625
1 -10629
1 -10644
1 -10649
1 -10651
1 -10654
1 -10657
1 -10659
1 -10665
1 -10667
1 -10672
1 -10675
1 -10685
1 -1069
1 -10694
1 -10702
1 -10707
1 -10718
1 -10721
1 -10722
1 -10727
1 -10728
1 -10729
1 -10742
1 -10744
1 -10770
1 -10773
1 -10774
1 -10777
1 -1078
1 -10793
1 -1080
1 -10819
1 -10824
1 -1083
1 -10843
1 -10851
1 -10857
1 -10858
1 -1086
1 -10863
1 -10887
1 -10893
1 -10898
1 -10902
1 -10912
1 -10914
1 -10924
1 -10925
1 -1093
1 -10934
1 -10945
1 -10957
1 -10958
1 -10962
1 -10966
1 -10975
1 -10995
1 -11
1 -11000
1 -11002
1 -11009
1 -11016
1 -11017
1 -1102
1 -11020
1 -11035
1 -11038
1 -1104
1 -11046
1 -11051
1 -11053
1 -11065
1 -1107
1 -11072
1 -11074
1 -11077
1 -11084
1 -11091
1 -11092
1 -11097
1 -11109
1 -11112
1 -11115
1 -11123
1 -11124
1 -11130
1 -11133
1 -11139
1 -11148
1 -11150
1 -11156
1 -11157
1 -1116
1 -11162
1 -11163
1 -11168
1 -11173
1 -11206
1 -11207
1 -11216
1 -11224
1 -11225
1 -11238
1 -11239
1 -1125
1 -11254
1 -11256
1 -1126
1 -11262
1 -11266
1 -11268
1 -11284
1 -11286
1 -11287
1 -11288
1 -11305
1 -1131
1 -11317
1 -11318
1 -11326
1 -1134
1 -11340
1 -11344
1 -11348
1 -11350
1 -11351
1 -11353
1 -11370
1 -11371
1 -11383
1 -1139
1 -11390
1 -114
1 -1140
1 -11401
1 -11402
1 -11403
1 -11404
1 -11407
1 -11413
1 -11417
1 -11422
1 -11428
1 -11429
1 -1143
1 -11432
1 -11435
1 -11444
1 -11448
1 -11451
1 -11455
1 -11456
1 -11460
1 -11462
1 -11463
1 -11474
1 -11476
1 -11477
1 -11479
1 -11482
1 -11489
1 -11490
1 -11505
1 -11507
1 -11514
1 -11528
1 -11534
1 -11538
1 -11539
1 -11542
1 -11554
1 -11561
1 -11565
1 -11566
1 -11569
1 -11586
1 -11595
1 -11599
1 -11619
1 -11632
1 -11636
1 -11668
1 -11696
1 -11706
1 -11720
1 -11729
1 -11732
1 -11738
1 -11741
1 -11743
1 -11748
1 -11758
1 -11760
1 -11762
1 -11765
1 -11771
1 -11772
1 -11776
1 -11777
1 -11781
1 -11798
1 -11799
1 -11805
1 -11807
1 -1181
1 -11814
1 -11829
1 -1183
1 -1184
1 -11850
1 -11852
1 -11853
1 -11855
1 -11861
1 -11864
1 -11866
1 -11869
1 -1187
1 -11871
1 -11875
1 -1189
1 -11900
1 -11909
1 -1191
1 -11910
1 -11916
1 -1193
1 -11932
1 -11941
1 -11946
1 -11952
1 -11965
1 -11978
1 -11990
1 -11995
1 -12002
1 -12003
1 -12009
1 -12017
1 -12027
1 -1203
1 -12031
1 -12034
1 -12038
1 -12044
1 -12049
1 -12071
1 -12074
1 -12079
1 -1208
1 -12080
1 -12092
1 -12094
1 -1210
1 -12111
1 -12118
1 -12123
1 -12124
1 -12127
1 -12128
1 -1214
1 -12140
1 -12143
1 -12149
1 -12152
1 -12155
1 -12164
1 -1217
1 -12170
1 -12173
1 -12175
1 -12189
1 -12194
1 -12204
1 -1221
1 -12215
1 -12217
1 -12221
1 -12226
1 -12227
1 -1223
1 -12239
1 -12245
1 -12249
1 -12254
1 -12256
1 -12258
1 -1226
1 -12272
1 -12283
1 -12286
1 -12289
1 -1229
1 -12305
1 -12308
1 -1231
1 -12311
1 -1233
1 -12334
1 -12350
1 -12356
1 -12358
1 -12361
1 -12362
1 -12367
1 -12368
1 -12377
1 -12380
1 -12384
1 -12391
1 -12393
1 -12394
1 -12399
1 -12407
1 -1241
1 -12415
1 -12420
1 -12423
1 -12425
1 -12430
1 -12435
1 -1244
1 -12459
1 -12463
1 -12464
1 -12471
1 -12477
1 -12510
1 -12512
1 -12513
1 -12516
1 -12519
1 -12524
1 -12544
1 -12550
1 -12556
1 -12558
1 -1256
1 -12572
1 -12574
1 -12583
1 -12585
1 -12591
1 -1260
1 -12602
1 -12613
1 -12617
1 -12618
1 -1262
1 -12625
1 -12628
1 -1263
1 -12634
1 -12641
1 -12647
1 -12648
1 -12655
1 -12666
1 -12675
1 -12681
1 -12682
1 -12693
1 -12698
1 -1271
1 -12715
1 -12724
1 -12725
1 -12741
1 -12745
1 -12747
1 -12748
1 -12756
1 -12759
1 -12764
1 -12766
1 -12770
1 -12774
1 -12778
1 -1278
1 -12784
1 -12798
1 -12801
1 -12810
1 -12817
1 -1282
1 -1283
1 -12837
1 -12838
1 -12847
1 -12860
1 -12873
1 -1288
1 -12885
1 -12894
1 -129
1 -1290
1 -12910
1 -12912
1 -12914
1 -12922
1 -12924
1 -12930
1 -12936
1 -1295
1 -12952
1 -12956
1 -12959
1 -1296
1 -12960
1 -12967
1 -12968
1 -12970
1 -12976
1 -12977
1 -12978
1 -12982
1 -12991
1 -12994
1 -12995
1 -130
1 -13001
1 -13008
1 -13012
1 -13013
1 -13015
1 -13019
1 -13038
1 -13039
1 -13055
1 -13061
1 -13062
1 -13065
1 -13068
1 -13076
1 -13077
1 -13080
1 -13085
1 -13093
1 -13094
1 -1310
1 -13109
1 -1311
1 -13116
1 -13117
1 -13127
1 -13138
1 -13142
1 -13146
1 -13148
1 -13149
1 -13150
1 -13155
1 -13161
1 -13165
1 -13168
1 -13174
1 -13180
1 -13190
1 -13195
1 -13201
1 -13207
1 -13208
1 -1321
1 -13210
1 -13216
1 -13218
1 -13223
1 -13224
1 -13225
1 -13229
1 -13231
1 -13236
1 -13240
1 -13241
1 -13243
1 -13244
1 -13246
1 -13247
1 -13254
1 -13258
1 -13263
1 -13270
1 -13272
1 -13274
1 -13279
1 -13281
1 -13282
1 -13283
1 -1329
1 -13290
1 -13296
1 -1330
1 -13301
1 -13306
1 -13317
1 -1333
1 -1334
1 -13340
1 -13353
1 -1336
1 -13362
1 -13367
1 -13380
1 -13381
1 -13384
1 -13386
1 -13387
1 -13388
1 -1340
1 -13402
1 -13406
1 -13421
1 -13425
1 -13426
1 -13435
1 -13439
1 -13450
1 -13456
1 -13462
1 -13463
1 -13464
1 -13466
1 -13469
1 -13476
1 -13483
1 -13492
1 -13493
1 -13499
1 -135
1 -13511
1 -13515
1 -13516
1 -13519
1 -13530
1 -13544
1 -13550
1 -13558
1 -13565
1 -1357
1 -13573
1 -13581
1 -13583
1 -13585
1 -13593
1 -13594
1 -13605
1 -13608
1 -13634
1 -13644
1 -13646
1 -13649
1 -13651
1 -13658
1 -13664
1 -13686
1 -13687
1 -13688
1 -1369
1 -13694
1 -13695
1 -1370
1 -13706
1 -13707
1 -13715
1 -13720
1 -1373
1 -13739
1 -13742
1 -1375
1 -13750
1 -13763
1 -13764
1 -13765
1 -13772
1 -13776
1 -13778
1 -13783
1 -13790
1 -13792
1 -13793
1 -13798
1 -138
1 -1380
1 -13809
1 -1381
1 -13810
1 -13811
1 -13814
1 -13817
1 -1382
1 -13822
1 -13833
1 -13835
1 -13839
1 -13847
1 -13852
1 -1386
1 -1387
1 -13870
1 -13873
1 -1388
1 -13888
1 -1389
1 -13893
1 -13894
1 -139
1 -13902
1 -13912
1 -13925
1 -1394
1 -1395
1 -13950
1 -13955
1 -13957
1 -1396
1 -13960
1 -13966
1 -13968
1 -13972
1 -13988
1 -140
1 -14009
1 -1402
1 -14020
1 -14021
1 -14022
1 -1403
1 -14039
1 -14046
1 -14047
1 -14049
1 -14054
1 -14055
1 -14065
1 -14071
1 -14077
1 -14079
1 -14085
1 -14087
1 -14088
1 -14097
1 -14100
1 -14104
1 -14118
1 -14119
1 -1412
1 -14128
1 -14129
1 -14130
1 -14132
1 -14133
1 -14135
1 -1414
1 -1416
1 -14161
1 -14168
1 -14173
1 -14181
1 -1419
1 -14194
1 -14198
1 -14199
1 -14200
1 -14202
1 -14205
1 -14222
1 -14233
1 -14260
1 -14263
1 -14269
1 -14273
1 -14279
1 -1428
1 -14281
1 -14288
1 -14290
1 -14297
1 -14302
1 -14309
1 -14311
1 -14313
1 -14318
1 -14322
1 -14326
1 -14327
1 -14328
1 -14336
1 -14338
1 -1434
1 -14343
1 -14345
1 -14355
1 -14368
1 -1437
1 -14371
1 -14375
1 -14384
1 -14388
1 -14391
1 -14399
1 -14400
1 -14405
1 -14419
1 -14430
1 -14434
1 -14439
1 -14444
1 -14447
1 -14456
1 -14464
1 -14466
1 -14469
1 -14471
1 -14473
1 -14479
1 -1448
1 -14481
1 -14489
1 -1450
1 -14500
1 -14505
1 -14509
1 -14512
1 -14519
1 -14533
1 -14534
1 -14542
1 -14544
1 -14556
1 -14558
1 -14560
1 -14575
1 -14583
1 -14589
1 -146
1 -14600
1 -14601
1 -14608
1 -1461
1 -14613
1 -1463
1 -14635
1 -14637
1 -14643
1 -14652
1 -14657
1 -14665
1 -14668
1 -14676
1 -14682
1 -14683
1 -14684
1 -14707
1 -14720
1 -14729
1 -14732
1 -1474
1 -14740
1 -14747
1 -1475
1 -14756
1 -14759
1 -14763
1 -14768
1 -14772
1 -14773
1 -14774
1 -14779
1 -14802
1 -14813
1 -14823
1 -14824
1 -14834
1 -14835
1 -14837
1 -14850
1 -14852
1 -14855
1 -14856
1 -14867
1 -14878
1 -1488
1 -14880
1 -14881
1 -14882
1 -14889
1 -14890
1 -14892
1 -14897
1 -1491
1 -14918
1 -14920
1 -1493
1 -14948
1 -1495
1 -14953
1 -14956
1 -14973
1 -14981
1 -14984
1 -1499
1 -14991
1 -14995
1 -150
1 -15000
1 -15003
1 -15016
1 -15017
1 -15018
1 -15026
1 -15039
1 -15045
1 -15053
1 -15058
1 -15073
1 -15077
1 -15080
1 -15083
1 -1510
1 -15102
1 -15104
1 -15107
1 -1511
1 -15118
1 -15126
1 -15129
1 -15134
1 -15149
1 -1515
1 -15158
1 -15159
1 -1516
1 -15164
1 -15167
1 -15169
1 -15171
1 -15172
1 -15173
1 -1518
1 -15185
1 -15187
1 -15189
1 -1519
1 -15192
1 -15206
1 -15208
1 -15215
1 -15221
1 -15233
1 -15237
1 -15240
1 -15243
1 -15245
1 -15249
1 -1525
1 -15258
1 -1526
1 -15265
1 -15266
1 -1527
1 -1528
1 -15285
1 -1529
1 -15294
1 -1531
1 -15318
1 -15323
1 -15330
1 -15348
1 -15359
1 -1536
1 -15360
1 -1537
1 -15370
1 -15376
1 -15377
1 -1538
1 -15393
1 -15397
1 -15403
1 -15405
1 -15408
1 -15414
1 -15419
1 -15422
1 -15423
1 -15425
1 -1543
1 -15438
1 -15439
1 -1545
1 -15465
1 -15469
1 -15475
1 -1548
1 -155
1 -1550
1 -15503
1 -15506
1 -15507
1 -1554
1 -15542
1 -15544
1 -15569
1 -15586
1 -15591
1 -1560
1 -15603
1 -15606
1 -15607
1 -15612
1 -15620
1 -1563
1 -15639
1 -1564
1 -15654
1 -15655
1 -15660
1 -15664
1 -15665
1 -15668
1 -1567
1 -15670
1 -1569
1 -15692
1 -15693
1 -15702
1 -15710
1 -15721
1 -15723
1 -15729
1 -15737
1 -15738
1 -15744
1 -15748
1 -15751
1 -15757
1 -15758
1 -15767
1 -15768
1 -15770
1 -15773
1 -15775
1 -15782
1 -1579
1 -15790
1 -158
1 -15802
1 -15803
1 -15811
1 -15812
1 -15817
1 -15819
1 -15829
1 -1583
1 -15830
1 -1584
1 -15848
1 -15863
1 -15867
1 -15872
1 -1588
1 -15907
1 -15911
1 -1593
1 -15932
1 -15937
1 -15959
1 -15963
1 -15966
1 -15967
1 -15968
1 -15970
1 -15973
1 -15978
1 -15987
1 -15988
1 -15989
1 -1600
1 -16001
1 -16002
1 -16023
1 -16029
1 -1603
1 -16035
1 -16036
1 -1604
1 -16045
1 -16057
1 -16058
1 -16066
1 -1607
1 -16071
1 -16076
1 -16078
1 -16079
1 -16089
1 -16091
1 -16097
1 -16102
1 -16106
1 -1611
1 -16112
1 -16115
1 -16117
1 -16120
1 -16125
1 -1613
1 -16132
1 -16134
1 -1614
1 -16141
1 -16142
1 -16143
1 -1615
1 -16152
1 -16155
1 -1616
1 -16165
1 -16169
1 -1617
1 -16179
1 -16180
1 -16184
1 -16191
1 -16192
1 -16221
1 -16225
1 -16228
1 -16233
1 -16242
1 -16243
1 -16244
1 -16248
1 -16254
1 -16256
1 -16257
1 -16267
1 -1627
1 -16270
1 -16279
1 -16283
1 -1629
1 -16290
1 -16292
1 -16297
1 -16310
1 -16316
1 -1632
1 -16323
1 -16326
1 -16333
1 -16335
1 -16340
1 -16342
1 -16352
1 -1636
1 -16360
1 -16362
1 -16368
1 -1637
1 -16376
1 -1638
1 -16384
1 -16398
1 -16414
1 -16418
1 -16424
1 -16442
1 -16450
1 -16461
1 -16467
1 -16474
1 -16483
1 -16485
1 -16488
1 -16501
1 -16504
1 -16505
1 -16517
1 -16519
1 -16524
1 -16525
1 -1654
1 -16556
1 -1656
1 -16566
1 -16572
1 -16580
1 -1659
1 -16599
1 -16615
1 -16617
1 -16624
1 -16628
1 -16630
1 -16634
1 -16636
1 -1664
1 -16643
1 -16659
1 -16660
1 -16662
1 -16668
1 -16675
1 -16683
1 -16696
1 -167
1 -16700
1 -16702
1 -16724
1 -16735
1 -16737
1 -16744
1 -16753
1 -16768
1 -16773
1 -1678
1 -16796
1 -16799
1 -16808
1 -1681
1 -16819
1 -16849
1 -16858
1 -16863
1 -16864
1 -16877
1 -16890
1 -16892
1 -16893
1 -169
1 -16906
1 -16918
1 -16922
1 -16923
1 -16927
1 -16936
1 -16959
1 -16965
1 -16973
1 -16979
1 -16982
1 -16985
1 -1699
1 -17
1 -170
1 -17007
1 -17013
1 -17014
1 -1702
1 -17029
1 -17039
1 -17046
1 -17050
1 -17053
1 -17057
1 -17065
1 -17069
1 -17085
1 -17089
1 -1710
1 -17100
1 -1711
1 -17136
1 -17140
1 -17142
1 -17148
1 -17154
1 -17155
1 -17163
1 -17165
1 -17168
1 -1717
1 -17175
1 -17177
1 -17180
1 -17187
1 -17189
1 -17193
1 -17200
1 -17219
1 -17223
1 -17228
1 -1724
1 -17250
1 -1726
1 -17285
1 -17288
1 -173
1 -17300
1 -17302
1 -17308
1 -17319
1 -17328
1 -17330
1 -17335
1 -17337
1 -17348
1 -17358
1 -17378
1 -17379
1 -17382
1 -17394
1 -17395
1 -17396
1 -17401
1 -17418
1 -17420
1 -17425
1 -1743
1 -17444
1 -17446
1 -17450
1 -17477
1 -17480
1 -17509
1 -17539
1 -17546
1 -1755
1 -17550
1 -17557
1 -17558
1 -17568
1 -17570
1 -17576
1 -1759
1 -17592
1 -176
1 -1760
1 -17603
1 -17609
1 -17627
1 -17630
1 -17641
1 -1766
1 -17663
1 -1768
1 -17705
1 -1771
1 -17710
1 -17715
1 -17725
1 -1773
1 -17730
1 -17734
1 -17735
1 -17742
1 -17746
1 -17751
1 -17758
1 -17767
1 -17770
1 -17776
1 -1779
1 -17813
1 -17820
1 -17834
1 -17844
1 -17851
1 -1786
1 -17876
1 -17882
1 -17889
1 -17890
1 -17898
1 -179
1 -17926
1 -1793
1 -17937
1 -17938
1 -1795
1 -17963
1 -17967
1 -17969
1 -17973
1 -17984
1 -17997
1 -18011
1 -18014
1 -18042
1 -18044
1 -18046
1 -18049
1 -1805
1 -18060
1 -18062
1 -18064
1 -18076
1 -18079
1 -18094
1 -18095
1 -18099
1 -18110
1 -18121
1 -18152
1 -18162
1 -1817
1 -18172
1 -18175
1 -18177
1 -18193
1 -18198
1 -182
1 -18205
1 -18208
1 -18210
1 -18211
1 -18212
1 -18214
1 -18231
1 -18233
1 -18239
1 -18251
1 -18290
1 -18298
1 -18301
1 -18306
1 -18317
1 -1832
1 -18324
1 -18328
1 -1833
1 -18341
1 -18350
1 -18361
1 -18363
1 -18368
1 -18372
1 -1838
1 -18383
1 -18384
1 -18390
1 -18405
1 -18406
1 -18408
1 -18419
1 -18422
1 -18433
1 -18440
1 -18447
1 -1845
1 -18453
1 -1846
1 -18463
1 -18464
1 -18489
1 -18492
1 -18495
1 -18497
1 -18498
1 -18509
1 -18513
1 -18515
1 -18516
1 -18527
1 -18558
1 -18567
1 -18575
1 -18580
1 -18599
1 -186
1 -18602
1 -1861
1 -18614
1 -18640
1 -18641
1 -18655
1 -18657
1 -18661
1 -18669
1 -1868
1 -18682
1 -18698
1 -187
1 -1870
1 -18703
1 -18721
1 -18725
1 -18732
1 -18739
1 -18740
1 -18744
1 -18753
1 -18763
1 -18765
1 -18776
1 -18787
1 -18798
1 -1881
1 -18834
1 -1884
1 -18854
1 -18855
1 -18863
1 -18867
1 -18887
1 -18893
1 -18904
1 -18913
1 -18933
1 -18934
1 -18942
1 -1896
1 -18962
1 -1898
1 -18981
1 -19007
1 -19024
1 -19028
1 -19029
1 -19033
1 -19037
1 -19040
1 -19045
1 -19051
1 -19063
1 -19077
1 -1908
1 -19082
1 -19086
1 -1909
1 -19091
1 -19093
1 -19095
1 -19096
1 -191
1 -19106
1 -1911
1 -19129
1 -19136
1 -1914
1 -19149
1 -19157
1 -19173
1 -19176
1 -19177
1 -19178
1 -1918
1 -1919
1 -192
1 -1922
1 -19224
1 -19229
1 -19240
1 -19242
1 -19244
1 -1925
1 -19252
1 -19254
1 -19258
1 -19268
1 -1927
1 -19270
1 -19274
1 -19290
1 -19295
1 -19297
1 -1931
1 -19324
1 -19356
1 -19357
1 -1936
1 -19363
1 -19364
1 -1937
1 -19380
1 -19387
1 -19390
1 -19398
1 -19399
1 -19403
1 -19419
1 -19427
1 -19437
1 -1944
1 -19442
1 -19452
1 -19453
1 -19458
1 -1946
1 -19468
1 -19488
1 -19489
1 -1950
1 -19514
1 -19519
1 -19523
1 -19526
1 -19530
1 -19534
1 -19538
1 -19543
1 -19547
1 -19549
1 -19558
1 -19560
1 -19568
1 -1957
1 -19583
1 -1960
1 -19600
1 -19609
1 -19611
1 -19627
1 -19638
1 -19648
1 -19650
1 -1966
1 -19673
1 -19675
1 -19682
1 -19690
1 -19692
1 -19718
1 -1972
1 -19747
1 -19748
1 -19750
1 -19753
1 -19764
1 -1977
1 -19776
1 -19778
1 -19788
1 -1979
1 -19810
1 -19817
1 -1984
1 -19842
1 -19848
1 -19849
1 -1986
1 -19862
1 -19872
1 -19906
1 -19909
1 -19911
1 -19913
1 -19919
1 -19937
1 -19946
1 -19953
1 -1997
1 -1998
1 -19999
1 -20014
1 -20027
1 -2003
1 -20032
1 -20038
1 -20042
1 -20045
1 -20054
1 -20060
1 -20063
1 -20081
1 -20087
1 -20091
1 -20104
1 -20126
1 -20128
1 -20129
1 -20165
1 -2017
1 -20176
1 -2018
1 -20183
1 -20188
1 -20189
1 -20210
1 -20214
1 -2023
1 -20231
1 -20238
1 -20241
1 -20242
1 -20244
1 -20246
1 -2027
1 -20276
1 -20284
1 -20286
1 -20291
1 -20300
1 -20301
1 -2032
1 -2033
1 -20331
1 -20338
1 -2035
1 -20350
1 -20367
1 -20384
1 -204
1 -20402
1 -20408
1 -20433
1 -20438
1 -2045
1 -2046
1 -20463
1 -20466
1 -20471
1 -20480
1 -20482
1 -20483
1 -20497
1 -20499
1 -20509
1 -20512
1 -20513
1 -20531
1 -2054
1 -20546
1 -2057
1 -20575
1 -20581
1 -20583
1 -20587
1 -2059
1 -20597
1 -20608
1 -20609
1 -20612
1 -20613
1 -20615
1 -2062
1 -20629
1 -20630
1 -20638
1 -20639
1 -20656
1 -20660
1 -20662
1 -20674
1 -20681
1 -20684
1 -20685
1 -20708
1 -20723
1 -20731
1 -20745
1 -20746
1 -20755
1 -20758
1 -20759
1 -20763
1 -20778
1 -2078
1 -20782
1 -20791
1 -20805
1 -2081
1 -20816
1 -20817
1 -20820
1 -20824
1 -20825
1 -20835
1 -20837
1 -20844
1 -20846
1 -20853
1 -20856
1 -20864
1 -2087
1 -20870
1 -20871
1 -20875
1 -20876
1 -20883
1 -20888
1 -2089
1 -20893
1 -2090
1 -2093
1 -20931
1 -20937
1 -20940
1 -20947
1 -20949
1 -20959
1 -20964
1 -2097
1 -20978
1 -20983
1 -20986
1 -20996
1 -20997
1 -210
1 -21008
1 -21034
1 -21035
1 -2104
1 -21049
1 -21055
1 -2106
1 -21062
1 -21067
1 -21068
1 -21071
1 -21078
1 -2108
1 -21080
1 -21084
1 -21097
1 -21105
1 -21118
1 -21125
1 -21131
1 -2114
1 -21149
1 -2115
1 -21158
1 -21159
1 -2117
1 -21189
1 -21192
1 -21220
1 -21227
1 -21229
1 -21232
1 -21239
1 -21250
1 -21257
1 -21261
1 -21263
1 -21265
1 -21289
1 -21290
1 -21297
1 -21303
1 -21304
1 -21339
1 -21345
1 -21355
1 -21360
1 -21363
1 -21367
1 -21395
1 -21403
1 -21404
1 -21409
1 -21420
1 -21434
1 -2145
1 -21453
1 -21456
1 -2147
1 -21476
1 -21485
1 -21518
1 -2153
1 -21532
1 -2155
1 -21559
1 -2156
1 -21575
1 -21578
1 -216
1 -21601
1 -21604
1 -21622
1 -21634
1 -21636
1 -21637
1 -21654
1 -21659
1 -21660
1 -2167
1 -21670
1 -2170
1 -21719
1 -21720
1 -21724
1 -2174
1 -21741
1 -21744
1 -21757
1 -21758
1 -21763
1 -2177
1 -21783
1 -2179
1 -21805
1 -2181
1 -21822
1 -21829
1 -21841
1 -21851
1 -21872
1 -21892
1 -21894
1 -21902
1 -2191
1 -21912
1 -21920
1 -21937
1 -2194
1 -21947
1 -21952
1 -21960
1 -21975
1 -2198
1 -21987
1 -22
1 -22004
1 -22009
1 -22014
1 -22024
1 -22061
1 -22074
1 -22076
1 -22077
1 -2208
1 -2211
1 -22113
1 -22115
1 -22128
1 -22130
1 -2214
1 -22152
1 -22154
1 -22182
1 -22185
1 -2219
1 -22191
1 -22197
1 -222
1 -22204
1 -22213
1 -22218
1 -22220
1 -22225
1 -22231
1 -22235
1 -22240
1 -22243
1 -22258
1 -22286
1 -22296
1 -2230
1 -22308
1 -22309
1 -22310
1 -22343
1 -22373
1 -22383
1 -22386
1 -22409
1 -2241
1 -22437
1 -22448
1 -22458
1 -22471
1 -22476
1 -2248
1 -22486
1 -22496
1 -22517
1 -22526
1 -22531
1 -22536
1 -22541
1 -22543
1 -22557
1 -22558
1 -22561
1 -22585
1 -22589
1 -22594
1 -22605
1 -22606
1 -22608
1 -22637
1 -22645
1 -22660
1 -22694
1 -22707
1 -2271
1 -22720
1 -22731
1 -22733
1 -22737
1 -22742
1 -22747
1 -22756
1 -2276
1 -22762
1 -22798
1 -22802
1 -22812
1 -22819
1 -22841
1 -22844
1 -22852
1 -22854
1 -22867
1 -22876
1 -2288
1 -2289
1 -2290
1 -22908
1 -22913
1 -22930
1 -22952
1 -22958
1 -22966
1 -22967
1 -2297
1 -22980
1 -22988
1 -23011
1 -23025
1 -23032
1 -23045
1 -23050
1 -23057
1 -23068
1 -23069
1 -2307
1 -23095
1 -23097
1 -23104
1 -23111
1 -23113
1 -23114
1 -23129
1 -23130
1 -23168
1 -23173
1 -23174
1 -2319
1 -23191
1 -23196
1 -23198
1 -23218
1 -23221
1 -23231
1 -23237
1 -23248
1 -23251
1 -23268
1 -23277
1 -2329
1 -23292
1 -23296
1 -233
1 -23300
1 -23308
1 -23315
1 -23317
1 -2336
1 -2337
1 -2338
1 -23385
1 -23386
1 -23400
1 -23436
1 -23437
1 -23440
1 -23444
1 -23449
1 -23472
1 -23484
1 -23487
1 -23495
1 -23508
1 -2351
1 -23529
1 -2353
1 -23533
1 -23540
1 -2355
1 -23553
1 -23590
1 -23595
1 -23598
1 -23601
1 -2362
1 -23631
1 -23640
1 -23648
1 -2367
1 -23680
1 -23685
1 -23702
1 -23704
1 -2371
1 -23713
1 -2372
1 -23732
1 -23735
1 -23754
1 -2376
1 -23778
1 -23786
1 -23790
1 -23809
1 -23815
1 -23827
1 -2383
1 -23842
1 -23864
1 -23867
1 -2387
1 -23872
1 -23891
1 -23905
1 -23922
1 -23926
1 -2393
1 -23953
1 -2398
1 -23983
1 -23984
1 -2400
1 -24022
1 -24043
1 -24045
1 -24054
1 -24058
1 -24061
1 -24063
1 -24076
1 -24084
1 -24093
1 -241
1 -2410
1 -24106
1 -2413
1 -24132
1 -24140
1 -24145
1 -24147
1 -24162
1 -24164
1 -24169
1 -2417
1 -2419
1 -24195
1 -24226
1 -24233
1 -24254
1 -24263
1 -24285
1 -2430
1 -24302
1 -24306
1 -24311
1 -24320
1 -24328
1 -24336
1 -2435
1 -24350
1 -24355
1 -24374
1 -24381
1 -24393
1 -24406
1 -24426
1 -24448
1 -24449
1 -2445
1 -24475
1 -24487
1 -24498
1 -245
1 -2450
1 -24501
1 -2453
1 -24534
1 -24544
1 -24553
1 -24570
1 -2458
1 -24587
1 -2460
1 -24610
1 -24619
1 -2462
1 -2463
1 -24635
1 -24674
1 -24679
1 -24699
1 -24711
1 -2472
1 -24722
1 -2473
1 -2474
1 -24751
1 -2476
1 -2478
1 -24786
1 -24789
1 -248
1 -24800
1 -24814
1 -24817
1 -24821
1 -24866
1 -24885
1 -24888
1 -2489
1 -24897
1 -24898
1 -249
1 -24900
1 -24908
1 -2491
1 -24915
1 -24920
1 -24922
1 -24925
1 -24932
1 -24940
1 -2497
1 -24975
1 -2498
1 -24998
1 -25
1 -2503
1 -25048
1 -25059
1 -25066
1 -25085
1 -25091
1 -25102
1 -25125
1 -25167
1 -2517
1 -25179
1 -25180
1 -2519
1 -25202
1 -25210
1 -2523
1 -25233
1 -25235
1 -25272
1 -25274
1 -25279
1 -25290
1 -25301
1 -25313
1 -25333
1 -2535
1 -25354
1 -25355
1 -2536
1 -25367
1 -25380
1 -25384
1 -25425
1 -25438
1 -25439
1 -25455
1 -25463
1 -25473
1 -25481
1 -25495
1 -2550
1 -25503
1 -25507
1 -2551
1 -25520
1 -25521
1 -25529
1 -2553
1 -25534
1 -2555
1 -25556
1 -2556
1 -25577
1 -2562
1 -25623
1 -25647
1 -2565
1 -25677
1 -25681
1 -25700
1 -25717
1 -2572
1 -25721
1 -25732
1 -25770
1 -2578
1 -2580
1 -25817
1 -25851
1 -25858
1 -25865
1 -25869
1 -2590
1 -25912
1 -25927
1 -25928
1 -2596
1 -25987
1 -25997
1 -25998
1 -26
1 -2601
1 -26011
1 -26031
1 -26032
1 -26039
1 -26051
1 -26056
1 -26082
1 -261
1 -2610
1 -2611
1 -26127
1 -26136
1 -26160
1 -2617
1 -2618
1 -26186
1 -26189
1 -26204
1 -26207
1 -2621
1 -2629
1 -26292
1 -26301
1 -26307
1 -2632
1 -26321
1 -2633
1 -26342
1 -2636
1 -26360
1 -26374
1 -26385
1 -264
1 -2640
1 -26404
1 -26411
1 -26429
1 -26434
1 -26436
1 -26452
1 -2647
1 -26480
1 -265
1 -26511
1 -26518
1 -26524
1 -26532
1 -26547
1 -2656
1 -26566
1 -26569
1 -26570
1 -26665
1 -2667
1 -26684
1 -26697
1 -2670
1 -26700
1 -2671
1 -26715
1 -26719
1 -2672
1 -2677
1 -26775
1 -26785
1 -26788
1 -26793
1 -2681
1 -26825
1 -2683
1 -26863
1 -2688
1 -2689
1 -26896
1 -26918
1 -26932
1 -26986
1 -27026
1 -27033
1 -27041
1 -27047
1 -27053
1 -27056
1 -27064
1 -2707
1 -27085
1 -27096
1 -271
1 -2713
1 -27143
1 -27150
1 -2716
1 -27162
1 -27182
1 -27190
1 -27197
1 -27208
1 -2721
1 -27216
1 -2726
1 -27281
1 -27304
1 -27313
1 -2732
1 -2734
1 -27362
1 -274
1 -27402
1 -27414
1 -27445
1 -27472
1 -27478
1 -27513
1 -27517
1 -27525
1 -2753
1 -27532
1 -27557
1 -2756
1 -2757
1 -27570
1 -2758
1 -276
1 -2760
1 -27607
1 -2761
1 -27632
1 -2764
1 -27674
1 -277
1 -27714
1 -27742
1 -2776
1 -2777
1 -2780
1 -27810
1 -2784
1 -27848
1 -27891
1 -2790
1 -27969
1 -27984
1 -2799
1 -28
1 -28021
1 -28025
1 -2805
1 -28067
1 -28083
1 -28084
1 -2809
1 -28090
1 -28094
1 -2811
1 -28122
1 -2814
1 -28152
1 -2819
1 -28190
1 -28204
1 -28209
1 -28211
1 -28258
1 -28283
1 -28305
1 -28341
1 -2836
1 -28363
1 -28383
1 -28385
1 -28435
1 -28474
1 -2848
1 -2849
1 -2851
1 -28528
1 -2854
1 -28565
1 -2857
1 -286
1 -2861
1 -28632
1 -28635
1 -2864
1 -28648
1 -2865
1 -28658
1 -28675
1 -28690
1 -28702
1 -2871
1 -2873
1 -28742
1 -2875
1 -28754
1 -28759
1 -28766
1 -28768
1 -28776
1 -28781
1 -28806
1 -2882
1 -2888
1 -28895
1 -28900
1 -28903
1 -28930
1 -28947
1 -28949
1 -28979
1 -2899
1 -29047
1 -2909
1 -29117
1 -29135
1 -29160
1 -29167
1 -2918
1 -2919
1 -292
1 -2920
1 -29208
1 -29232
1 -29260
1 -29263
1 -29271
1 -29275
1 -2928
1 -29284
1 -29299
1 -293
1 -29305
1 -29340
1 -2935
1 -29372
1 -29382
1 -29385
1 -294
1 -2940
1 -2943
1 -2947
1 -29491
1 -295
1 -29543
1 -2958
1 -2960
1 -2963
1 -29644
1 -2966
1 -2967
1 -2969
1 -29695
1 -2970
1 -29712
1 -29770
1 -29779
1 -29796
1 -298
1 -2992
1 -2993
1 -29990
1 -30043
1 -30061
1 -30120
1 -30123
1 -3015
1 -30153
1 -30204
1 -30213
1 -3028
1 -30292
1 -30315
1 -30332
1 -3034
1 -30342
1 -30360
1 -30410
1 -3044
1 -30441
1 -3051
1 -3053
1 -30550
1 -3056
1 -30580
1 -30635
1 -3066
1 -3067
1 -3070
1 -3076
1 -3077
1 -3078
1 -30780
1 -308
1 -30806
1 -3084
1 -3085
1 -3086
1 -3089
1 -309
1 -3090
1 -3092
1 -30954
1 -30960
1 -30962
1 -3099
1 -31
1 -31014
1 -31030
1 -31038
1 -3104
1 -3107
1 -3108
1 -3110
1 -3115
1 -3118
1 -3119
1 -312
1 -3122
1 -3124
1 -3132
1 -31343
1 -3137
1 -3143
1 -31466
1 -31569
1 -316
1 -3164
1 -3169
1 -3172
1 -3178
1 -3180
1 -3183
1 -3191
1 -31935
1 -3194
1 -3199
1 -3201
1 -3205
1 -3209
1 -321
1 -3211
1 -3214
1 -3218
1 -32226
1 -3228
1 -3229
1 -3231
1 -32328
1 -32339
1 -3234
1 -3238
1 -3241
1 -3242
1 -325
1 -3250
1 -3251
1 -3257
1 -3258
1 -3260
1 -3267
1 -3270
1 -3271
1 -3275
1 -3280
1 -3282
1 -3293
1 -3294
1 -33
1 -3311
1 -3316
1 -332
1 -3320
1 -3333
1 -3336
1 -3337
1 -3340
1 -3341
1 -3349
1 -3352
1 -3363
1 -3367
1 -3374
1 -338
1 -3384
1 -3389
1 -3394
1 -3405
1 -341
1 -3415
1 -3416
1 -3418
1 -3422
1 -3434
1 -3435
1 -3438
1 -3440
1 -3447
1 -3449
1 -3451
1 -3454
1 -3464
1 -3468
1 -3473
1 -3474
1 -3483
1 -3484
1 -3494
1 -3509
1 -351
1 -3527
1 -3533
1 -3538
1 -3544
1 -3546
1 -3548
1 -3550
1 -3554
1 -3563
1 -3564
1 -3573
1 -3574
1 -3586
1 -3587
1 -3588
1 -3591
1 -3598
1 -3599
1 -3603
1 -3607
1 -3615
1 -3618
1 -3619
1 -3621
1 -3625
1 -3628
1 -363
1 -3630
1 -3633
1 -3641
1 -3647
1 -3649
1 -3651
1 -3652
1 -3655
1 -3659
1 -366
1 -3660
1 -3663
1 -367
1 -3672
1 -3673
1 -368
1 -3682
1 -3683
1 -3693
1 -3696
1 -37
1 -3706
1 -3708
1 -3710
1 -3712
1 -3713
1 -3715
1 -3716
1 -3719
1 -3721
1 -3725
1 -3726
1 -3728
1 -3730
1 -3736
1 -3737
1 -3740
1 -3741
1 -3753
1 -3760
1 -377
1 -3773
1 -3778
1 -3782
1 -3785
1 -3786
1 -3789
1 -3794
1 -3798
1 -3800
1 -3807
1 -3813
1 -3828
1 -3836
1 -3837
1 -3839
1 -384
1 -3862
1 -3863
1 -3866
1 -3872
1 -3876
1 -3880
1 -3882
1 -3891
1 -3893
1 -39
1 -3901
1 -391
1 -3915
1 -3921
1 -3927
1 -3929
1 -3940
1 -3950
1 -3957
1 -3958
1 -3962
1 -3969
1 -397
1 -3973
1 -398
1 -3986
1 -3987
1 -3989
1 -3990
1 -3994
1 -3995
1 -3997
1 -4
1 -4002
1 -4005
1 -4006
1 -4014
1 -4016
1 -4017
1 -4019
1 -4028
1 -4031
1 -4038
1 -4039
1 -4041
1 -4045
1 -4050
1 -4052
1 -4053
1 -4062
1 -4068
1 -4079
1 -4087
1 -409
1 -4091
1 -4093
1 -4094
1 -4097
1 -41
1 -4100
1 -4103
1 -4104
1 -4105
1 -4117
1 -412
1 -4120
1 -4121
1 -4127
1 -4129
1 -4130
1 -4134
1 -4151
1 -4152
1 -4156
1 -4158
1 -4161
1 -417
1 -4176
1 -4182
1 -4187
1 -4189
1 -4192
1 -420
1 -4200
1 -4213
1 -4216
1 -4217
1 -4224
1 -4231
1 -424
1 -4241
1 -4247
1 -4249
1 -4251
1 -4254
1 -4258
1 -4265
1 -4273
1 -4275
1 -4277
1 -4278
1 -429
1 -4292
1 -4308
1 -4312
1 -4314
1 -432
1 -434
1 -4341
1 -4342
1 -4344
1 -4346
1 -4347
1 -4348
1 -4359
1 -4362
1 -4373
1 -4380
1 -4381
1 -4390
1 -4391
1 -4395
1 -4398
1 -4404
1 -4405
1 -4407
1 -4409
1 -4412
1 -4413
1 -4421
1 -4422
1 -4430
1 -4435
1 -4440
1 -4444
1 -4446
1 -4448
1 -4453
1 -4456
1 -4458
1 -4460
1 -4465
1 -4468
1 -4470
1 -4478
1 -4483
1 -4484
1 -4489
1 -4490
1 -4494
1 -4502
1 -4503
1 -4515
1 -4533
1 -4537
1 -4538
1 -4541
1 -4545
1 -4550
1 -4552
1 -4553
1 -4570
1 -4584
1 -4586
1 -4590
1 -4593
1 -4594
1 -4595
1 -4598
1 -460
1 -4603
1 -4606
1 -4610
1 -4614
1 -4615
1 -4621
1 -4623
1 -4624
1 -4625
1 -4627
1 -463
1 -4631
1 -4635
1 -4646
1 -4648
1 -465
1 -4657
1 -4658
1 -4668
1 -4669
1 -4674
1 -4680
1 -4681
1 -4682
1 -4683
1 -4686
1 -4699
1 -4701
1 -4704
1 -4709
1 -471
1 -4717
1 -4725
1 -4727
1 -4728
1 -4733
1 -4735
1 -4738
1 -475
1 -4755
1 -4757
1 -4758
1 -4762
1 -4769
1 -477
1 -4771
1 -4773
1 -4774
1 -4779
1 -4786
1 -4788
1 -4789
1 -4792
1 -4799
1 -4800
1 -4805
1 -4818
1 -482
1 -4826
1 -4827
1 -4828
1 -4833
1 -484
1 -4842
1 -4849
1 -4852
1 -4854
1 -486
1 -4860
1 -4863
1 -4865
1 -4868
1 -4870
1 -4875
1 -4878
1 -488
1 -4882
1 -4890
1 -4892
1 -4899
1 -490
1 -4903
1 -4908
1 -4912
1 -4915
1 -4918
1 -492
1 -4922
1 -4926
1 -4935
1 -4938
1 -4941
1 -4942
1 -4975
1 -4977
1 -4982
1 -4983
1 -4986
1 -4988
1 -499
1 -4993
1 -4994
1 -4998
1 -50
1 -500
1 -5000
1 -5006
1 -5014
1 -5017
1 -502
1 -5027
1 -5028
1 -5032
1 -5039
1 -5048
1 -5056
1 -5062
1 -5063
1 -5069
1 -507
1 -5072
1 -5073
1 -5074
1 -5080
1 -5081
1 -5082
1 -5092
1 -5098
1 -51
1 -5100
1 -5104
1 -5105
1 -5113
1 -5131
1 -5134
1 -5142
1 -5154
1 -5155
1 -5159
1 -516
1 -5160
1 -5163
1 -5164
1 -5171
1 -5177
1 -518
1 -5193
1 -5196
1 -5199
1 -52
1 -5201
1 -5202
1 -521
1 -5210
1 -5216
1 -5219
1 -5222
1 -5227
1 -5228
1 -5234
1 -5235
1 -5237
1 -5238
1 -524
1 -5241
1 -5242
1 -5272
1 -5275
1 -5277
1 -528
1 -5299
1 -5301
1 -5308
1 -5315
1 -5319
1 -532
1 -5321
1 -5330
1 -5342
1 -5350
1 -5355
1 -5359
1 -5366
1 -537
1 -5389
1 -5395
1 -5396
1 -5397
1 -5400
1 -5401
1 -541
1 -5410
1 -5412
1 -5414
1 -5416
1 -5422
1 -5429
1 -5433
1 -5437
1 -544
1 -5441
1 -5446
1 -5448
1 -5450
1 -5455
1 -5468
1 -547
1 -5472
1 -5479
1 -5481
1 -549
1 -5490
1 -5496
1 -5498
1 -5508
1 -5514
1 -5515
1 -5521
1 -5523
1 -5526
1 -5527
1 -553
1 -5534
1 -5546
1 -5550
1 -5556
1 -5568
1 -5569
1 -5577
1 -5578
1 -5579
1 -558
1 -5584
1 -5587
1 -5594
1 -5617
1 -562
1 -5621
1 -5624
1 -5629
1 -565
1 -5650
1 -5654
1 -5655
1 -5656
1 -5658
1 -567
1 -5670
1 -5682
1 -5687
1 -569
1 -5693
1 -5706
1 -5708
1 -5711
1 -5712
1 -5715
1 -5716
1 -5717
1 -5718
1 -5724
1 -5734
1 -5737
1 -5739
1 -5742
1 -5743
1 -5745
1 -5746
1 -5747
1 -5759
1 -5761
1 -5765
1 -577
1 -578
1 -5786
1 -5789
1 -5795
1 -5798
1 -58
1 -5801
1 -5808
1 -5810
1 -5813
1 -582
1 -5823
1 -5832
1 -5835
1 -5839
1 -585
1 -5854
1 -5860
1 -5862
1 -5868
1 -5873
1 -5874
1 -5879
1 -5881
1 -5887
1 -5890
1 -5891
1 -5893
1 -5894
1 -5900
1 -5902
1 -5903
1 -5904
1 -5906
1 -5907
1 -5914
1 -5915
1 -5924
1 -5925
1 -5929
1 -5947
1 -5956
1 -5960
1 -5964
1 -5966
1 -5970
1 -5975
1 -5978
1 -5995
1 -5996
1 -6003
1 -6012
1 -602
1 -6024
1 -603
1 -6041
1 -6042
1 -6052
1 -6055
1 -6063
1 -6064
1 -6067
1 -6069
1 -6075
1 -6079
1 -6083
1 -6085
1 -6100
1 -6101
1 -6113
1 -6115
1 -6134
1 -6138
1 -614
1 -6149
1 -6151
1 -6153
1 -6163
1 -6166
1 -6170
1 -6187
1 -619
1 -6196
1 -6198
1 -62
1 -6200
1 -6202
1 -6222
1 -6224
1 -6226
1 -623
1 -6231
1 -6233
1 -6234
1 -6235
1 -6242
1 -6250
1 -6260
1 -6269
1 -627
1 -6276
1 -6284
1 -6285
1 -6293
1 -6297
1 -6298
1 -63
1 -630
1 -6300
1 -6303
1 -6306
1 -6318
1 -6330
1 -6336
1 -634
1 -6346
1 -6348
1 -6356
1 -6358
1 -6359
1 -636
1 -6361
1 -6362
1 -6366
1 -6367
1 -6369
1 -637
1 -6370
1 -6375
1 -638
1 -6398
1 -641
1 -6413
1 -6428
1 -643
1 -6432
1 -6438
1 -644
1 -6440
1 -645
1 -6451
1 -6456
1 -6458
1 -6473
1 -6474
1 -6477
1 -6480
1 -6481
1 -649
1 -6496
1 -6505
1 -652
1 -6521
1 -6524
1 -6542
1 -6561
1 -6568
1 -657
1 -6576
1 -6577
1 -6583
1 -6593
1 -6595
1 -6598
1 -66
1 -6601
1 -6609
1 -6625
1 -6632
1 -6635
1 -6638
1 -6641
1 -6642
1 -6661
1 -6665
1 -6679
1 -6680
1 -6682
1 -6684
1 -669
1 -6690
1 -6693
1 -6696
1 -6699
1 -6702
1 -6714
1 -6718
1 -6719
1 -672
1 -6730
1 -6733
1 -6734
1 -6737
1 -674
1 -6741
1 -6743
1 -6746
1 -675
1 -6750
1 -676
1 -6768
1 -6769
1 -677
1 -6775
1 -678
1 -6783
1 -6788
1 -6789
1 -6794
1 -6796
1 -6798
1 -6800
1 -6813
1 -6817
1 -6827
1 -6835
1 -6845
1 -6848
1 -6849
1 -685
1 -6850
1 -6852
1 -6853
1 -6856
1 -6858
1 -6861
1 -6879
1 -689
1 -6896
1 -6911
1 -692
1 -6924
1 -6930
1 -6939
1 -6941
1 -6944
1 -6945
1 -695
1 -6953
1 -696
1 -6981
1 -6984
1 -7001
1 -7003
1 -701
1 -7010
1 -7017
1 -702
1 -7022
1 -7024
1 -7027
1 -7045
1 -7048
1 -7051
1 -7052
1 -7054
1 -7060
1 -7065
1 -7075
1 -7081
1 -7084
1 -7096
1 -7098
1 -7099
1 -71
1 -710
1 -7104
1 -7106
1 -7119
1 -7128
1 -713
1 -7130
1 -7131
1 -7134
1 -7137
1 -7139
1 -7140
1 -7143
1 -7147
1 -7149
1 -7152
1 -7166
1 -7174
1 -7181
1 -7182
1 -7189
1 -7192
1 -7193
1 -7194
1 -7195
1 -72
1 -7201
1 -7207
1 -7208
1 -7214
1 -7216
1 -7218
1 -7221
1 -7224
1 -7232
1 -7247
1 -7253
1 -7258
1 -726
1 -7263
1 -7271
1 -7274
1 -7277
1 -728
1 -7281
1 -7290
1 -7292
1 -7296
1 -7298
1 -73
1 -7304
1 -7306
1 -7307
1 -7312
1 -7317
1 -7332
1 -7334
1 -7347
1 -7351
1 -7358
1 -7367
1 -7384
1 -7398
1 -74
1 -740
1 -7401
1 -7406
1 -7407
1 -7412
1 -7427
1 -7431
1 -7434
1 -7436
1 -7438
1 -7442
1 -7445
1 -7449
1 -745
1 -7455
1 -7456
1 -7459
1 -746
1 -7461
1 -7466
1 -7477
1 -7480
1 -7484
1 -75
1 -7503
1 -7504
1 -7515
1 -7516
1 -752
1 -7521
1 -7532
1 -7540
1 -7548
1 -755
1 -7553
1 -7554
1 -7562
1 -7563
1 -7565
1 -758
1 -7580
1 -7593
1 -7599
1 -7608
1 -7615
1 -7622
1 -7623
1 -7648
1 -7667
1 -7669
1 -7672
1 -7683
1 -7685
1 -7686
1 -7688
1 -7689
1 -7693
1 -7701
1 -7717
1 -772
1 -7720
1 -7721
1 -7726
1 -7729
1 -7734
1 -7740
1 -7741
1 -7742
1 -7751
1 -7755
1 -7759
1 -7765
1 -7772
1 -7781
1 -7793
1 -7797
1 -780
1 -7804
1 -7805
1 -7809
1 -7822
1 -7823
1 -7832
1 -7836
1 -7841
1 -7849
1 -785
1 -7855
1 -7862
1 -7863
1 -7869
1 -7870
1 -7872
1 -7873
1 -7888
1 -7898
1 -7899
1 -7906
1 -7907
1 -7913
1 -7915
1 -792
1 -7921
1 -7924
1 -7938
1 -794
1 -7951
1 -7954
1 -7957
1 -7959
1 -796
1 -798
1 -7980
1 -7981
1 -7989
1 -7999
1 -800
1 -8009
1 -8020
1 -8021
1 -8024
1 -8034
1 -8037
1 -8039
1 -804
1 -8040
1 -8055
1 -806
1 -8060
1 -8072
1 -8089
1 -8096
1 -81
1 -8106
1 -8114
1 -8115
1 -8117
1 -8131
1 -8133
1 -8142
1 -8144
1 -8146
1 -8147
1 -8148
1 -815
1 -8154
1 -8159
1 -8163
1 -8164
1 -8177
1 -8184
1 -8189
1 -8190
1 -8197
1 -8198
1 -82
1 -8206
1 -8207
1 -8210
1 -8214
1 -8218
1 -8223
1 -8226
1 -8229
1 -8232
1 -8236
1 -824
1 -8246
1 -825
1 -8250
1 -8257
1 -8259
1 -8265
1 -8266
1 -8273
1 -8282
1 -8283
1 -829
1 -8292
1 -8298
1 -8306
1 -8317
1 -8333
1 -8334
1 -8335
1 -834
1 -8341
1 -8348
1 -8353
1 -8359
1 -8363
1 -8364
1 -8367
1 -8368
1 -8369
1 -837
1 -8375
1 -8376
1 -8380
1 -8385
1 -8393
1 -8396
1 -8399
1 -8401
1 -8404
1 -8405
1 -8419
1 -8421
1 -8425
1 -8429
1 -843
1 -8430
1 -8438
1 -8439
1 -8440
1 -8441
1 -8452
1 -8455
1 -8457
1 -8465
1 -8471
1 -8474
1 -8476
1 -8480
1 -8486
1 -8488
1 -8491
1 -8496
1 -8498
1 -85
1 -850
1 -8502
1 -8503
1 -8504
1 -8509
1 -851
1 -8524
1 -8526
1 -8529
1 -8533
1 -8535
1 -8543
1 -8547
1 -8551
1 -8552
1 -8565
1 -8570
1 -8578
1 -8581
1 -8582
1 -8587
1 -8594
1 -8596
1 -8599
1 -86
1 -860
1 -8611
1 -8612
1 -8618
1 -8625
1 -8629
1 -8633
1 -8651
1 -8653
1 -8654
1 -8662
1 -8663
1 -8673
1 -8674
1 -8677
1 -8686
1 -8688
1 -8689
1 -8697
1 -8704
1 -8705
1 -8714
1 -8715
1 -8716
1 -8717
1 -8740
1 -8747
1 -8752
1 -8754
1 -8755
1 -8756
1 -8757
1 -8759
1 -8762
1 -8766
1 -8768
1 -8770
1 -8774
1 -8776
1 -8784
1 -8785
1 -8787
1 -880
1 -8802
1 -8803
1 -8805
1 -8811
1 -8813
1 -8816
1 -8819
1 -8824
1 -8833
1 -8834
1 -8848
1 -8849
1 -8859
1 -8862
1 -8868
1 -8880
1 -8881
1 -8886
1 -8888
1 -889
1 -8891
1 -8896
1 -8899
1 -8902
1 -8907
1 -8909
1 -8919
1 -8924
1 -8939
1 -8940
1 -8941
1 -8946
1 -8954
1 -8957
1 -896
1 -8970
1 -8975
1 -8976
1 -8986
1 -8991
1 -9007
1 -901
1 -9018
1 -9021
1 -9023
1 -9029
1 -9034
1 -9036
1 -9037
1 -9043
1 -905
1 -906
1 -9061
1 -9062
1 -9064
1 -909
1 -9109
1 -9110
1 -9111
1 -9116
1 -9118
1 -9128
1 -9131
1 -9133
1 -9135
1 -9138
1 -9142
1 -9148
1 -915
1 -9150
1 -9151
1 -9159
1 -916
1 -9164
1 -9175
1 -9178
1 -9191
1 -9192
1 -9194
1 -9207
1 -9213
1 -9236
1 -9245
1 -9246
1 -9248
1 -9249
1 -9261
1 -9262
1 -9272
1 -9284
1 -9286
1 -929
1 -9297
1 -930
1 -9306
1 -9309
1 -9326
1 -9343
1 -936
1 -9365
1 -9369
1 -937
1 -9379
1 -9384
1 -9388
1 -939
1 -9392
1 -9395
1 -9399
1 -94
1 -9403
1 -941
1 -9413
1 -9414
1 -9418
1 -9425
1 -9426
1 -9429
1 -9434
1 -9436
1 -9440
1 -9442
1 -9459
1 -9460
1 -9461
1 -9472
1 -9479
1 -9483
1 -9487
1 -9491
1 -9498
1 -9499
1 -9502
1 -9508
1 -9510
1 -9513
1 -9516
1 -9517
1 -9520
1 -954
1 -9542
1 -9554
1 -9555
1 -9563
1 -9566
1 -9583
1 -9584
1 -9587
1 -9588
1 -959
1 -9591
1 -960
1 -9609
1 -9612
1 -9630
1 -9642
1 -9651
1 -9655
1 -9657
1 -966
1 -9661
1 -9665
1 -968
1 -9682
1 -9689
1 -9695
1 -9700
1 -9704
1 -9712
1 -9714
1 -9725
1 -9728
1 -9736
1 -974
1 -9743
1 -9744
1 -9746
1 -9755
1 -976
1 -9760
1 -9761
1 -9762
1 -9764
1 -9765
1 -977
1 -9779
1 -9785
1 -9792
1 -9794
1 -9796
1 -980
1 -9800
1 -9803
1 -981
1 -9814
1 -9818
1 -9822
1 -9824
1 -9828
1 -9832
1 -9856
1 -9864
1 -9878
1 -988
1 -9880
1 -9881
1 -9884
1 -9896
1 -9900
1 -9908
1 -9912
1 -9914
1 -9915
1 -9916
1 -9918
1 -9923
1 -9924
1 -9935
1 -9940
1 -9949
1 -9950
1 -9951
1 -9965
1 -9966
1 -9968
1 -997
1 -9971
1 -9975
1 -9991
1 -9992
1 -9996
1 -9997
1 10
1 100
1 10000
1 10008
1 10015
1 10017
1 1002
1 10027
1 1003
1 10040
1 10042
1 10043
1 10055
1 1006
1 10063
1 10077
1 10078
1 10090
1 10100
1 10102
1 10103
1 10108
1 10113
1 10114
1 10119
1 10126
1 10130
1 10133
1 10135
1 10136
1 10141
1 10148
1 10150
1 10154
1 10160
1 10161
1 10171
1 10185
1 10205
1 10222
1 10228
1 10230
1 10240
1 10249
1 10253
1 10256
1 10257
1 1026
1 10265
1 10268
1 10273
1 10289
1 10292
1 10293
1 10298
1 103
1 10300
1 10304
1 10311
1 10315
1 10316
1 10319
1 10320
1 10326
1 10330
1 10333
1 10336
1 10340
1 10359
1 10362
1 10365
1 10367
1 10368
1 1037
1 10371
1 1039
1 10390
1 104
1 10400
1 10402
1 10405
1 10406
1 10410
1 10415
1 10421
1 1043
1 10430
1 10433
1 10439
1 10440
1 1045
1 10457
1 1046
1 10460
1 10462
1 10466
1 1047
1 10482
1 10496
1 10501
1 10510
1 10514
1 1052
1 10533
1 10537
1 10568
1 10574
1 10579
1 10582
1 10588
1 10589
1 10594
1 10605
1 1061
1 10610
1 10612
1 10620
1 10624
1 10625
1 10631
1 10635
1 10636
1 10644
1 10658
1 10665
1 10672
1 10681
1 10688
1 10689
1 10690
1 10698
1 107
1 10703
1 10716
1 1072
1 10728
1 10739
1 10743
1 10754
1 10756
1 10759
1 10762
1 10763
1 10764
1 10771
1 10775
1 10776
1 10777
1 10778
1 10779
1 10781
1 10783
1 1079
1 10796
1 10799
1 10804
1 10806
1 1081
1 10812
1 10813
1 10816
1 1082
1 10828
1 10837
1 10843
1 10852
1 10853
1 10864
1 10869
1 10872
1 10878
1 1088
1 10880
1 10883
1 10884
1 10885
1 1089
1 10891
1 10892
1 10898
1 10930
1 10939
1 1094
1 10941
1 10950
1 10972
1 10981
1 10988
1 10991
1 10992
1 11
1 110
1 1100
1 11000
1 11009
1 11011
1 11013
1 11030
1 11031
1 1104
1 11057
1 1106
1 11062
1 11065
1 11079
1 11088
1 11092
1 11093
1 11097
1 111
1 11103
1 11104
1 11105
1 11106
1 1111
1 11110
1 11120
1 11122
1 11124
1 1113
1 1114
1 1115
1 11154
1 11157
1 11163
1 1117
1 11182
1 11194
1 11197
1 11201
1 1121
1 11211
1 11215
1 1122
1 11233
1 11247
1 11251
1 11254
1 11255
1 11265
1 11270
1 11272
1 11273
1 11282
1 11289
1 11305
1 11307
1 11308
1 11316
1 11322
1 11335
1 11365
1 11366
1 11374
1 11379
1 11386
1 11392
1 11395
1 11400
1 11411
1 11412
1 11420
1 11424
1 11435
1 11437
1 1144
1 11443
1 11444
1 11449
1 1145
1 11450
1 11456
1 11465
1 11474
1 11475
1 11479
1 11485
1 115
1 11501
1 11505
1 11506
1 11512
1 11513
1 11515
1 11523
1 1153
1 11531
1 11536
1 11549
1 11554
1 11557
1 11568
1 1157
1 11574
1 11588
1 11589
1 11591
1 11592
1 11594
1 11597
1 11620
1 1163
1 11635
1 11636
1 11638
1 1164
1 11643
1 11651
1 11652
1 11662
1 11667
1 11669
1 11670
1 11673
1 11689
1 1169
1 11695
1 11697
1 1171
1 11718
1 11719
1 11731
1 11734
1 11738
1 11739
1 11749
1 11758
1 11773
1 11774
1 11788
1 11789
1 11791
1 1180
1 11802
1 11805
1 11811
1 11824
1 11831
1 11833
1 11834
1 11835
1 11842
1 11847
1 11853
1 11858
1 11859
1 11861
1 11874
1 11875
1 11877
1 11878
1 11885
1 11887
1 11899
1 119
1 1190
1 11904
1 11906
1 11909
1 11915
1 11917
1 11925
1 11942
1 11962
1 11969
1 1197
1 11978
1 11982
1 11983
1 11994
1 11999
1 12
1 12001
1 12006
1 12008
1 1201
1 12017
1 12028
1 12033
1 1204
1 12041
1 12046
1 12049
1 12050
1 12060
1 12067
1 12076
1 12077
1 1208
1 12084
1 12089
1 12092
1 12097
1 12099
1 1210
1 12106
1 12107
1 12112
1 12121
1 12129
1 12134
1 12136
1 12141
1 12148
1 12149
1 12154
1 12157
1 1216
1 12163
1 12168
1 1218
1 12183
1 12192
1 12196
1 12199
1 12201
1 12202
1 12205
1 12213
1 1223
1 1224
1 12248
1 12250
1 12251
1 12258
1 12260
1 12267
1 12268
1 12269
1 1227
1 12271
1 12283
1 12289
1 1229
1 12297
1 12309
1 1231
1 12310
1 12313
1 12315
1 12323
1 12324
1 12335
1 12356
1 12359
1 12360
1 12361
1 12364
1 12377
1 12378
1 12383
1 12387
1 12394
1 12395
1 12396
1 12397
1 12416
1 12417
1 12419
1 12425
1 1243
1 12432
1 12441
1 12451
1 12461
1 1247
1 12474
1 1248
1 12487
1 12490
1 12502
1 12506
1 12510
1 12520
1 12525
1 12531
1 12546
1 12549
1 1255
1 12553
1 12559
1 12566
1 12569
1 12573
1 12576
1 1258
1 12588
1 12589
1 1259
1 12591
1 12595
1 126
1 12602
1 12604
1 1261
1 12611
1 12615
1 12622
1 12623
1 12625
1 12629
1 12634
1 12635
1 12643
1 12651
1 12653
1 12655
1 12658
1 12663
1 12664
1 12672
1 12679
1 1268
1 12689
1 1269
1 12693
1 12697
1 127
1 12703
1 12706
1 12707
1 1271
1 12711
1 12713
1 12719
1 12729
1 1273
1 12744
1 12747
1 12765
1 12771
1 12775
1 1278
1 12784
1 12785
1 12788
1 12799
1 12809
1 12812
1 12824
1 12825
1 12829
1 12838
1 1284
1 12844
1 12853
1 12860
1 12863
1 12868
1 1287
1 12870
1 12871
1 12881
1 12884
1 12886
1 1289
1 12904
1 12921
1 12927
1 12931
1 12937
1 12941
1 12947
1 12949
1 12958
1 1296
1 12960
1 12964
1 12966
1 12973
1 12987
1 12988
1 12990
1 12992
1 1300
1 13003
1 13009
1 1301
1 13010
1 13031
1 13045
1 1305
1 13061
1 13065
1 13068
1 13077
1 1308
1 13087
1 1309
1 13094
1 13098
1 13127
1 13131
1 13136
1 13149
1 13152
1 13173
1 13176
1 13186
1 13191
1 13195
1 13199
1 1320
1 13200
1 13202
1 13208
1 1321
1 13217
1 1322
1 13223
1 13234
1 13256
1 1326
1 13260
1 13267
1 13268
1 13276
1 1328
1 13287
1 13288
1 13292
1 13293
1 13304
1 13306
1 13309
1 13311
1 13321
1 13347
1 13349
1 13360
1 13363
1 13373
1 13384
1 13385
1 13391
1 13408
1 1341
1 13415
1 13442
1 13443
1 13453
1 1346
1 13465
1 13471
1 13477
1 13480
1 13487
1 13490
1 13492
1 13493
1 13518
1 1352
1 13521
1 13528
1 13529
1 13530
1 13532
1 13534
1 13536
1 13540
1 13542
1 13545
1 13561
1 13567
1 13568
1 13570
1 1358
1 13580
1 13585
1 13586
1 13594
1 136
1 13604
1 13606
1 1361
1 13614
1 13623
1 13625
1 13640
1 13642
1 13644
1 13645
1 1365
1 13650
1 13660
1 13670
1 13673
1 13676
1 13678
1 1368
1 13680
1 13684
1 13686
1 13689
1 13690
1 13694
1 13695
1 13700
1 13716
1 13723
1 13737
1 13738
1 13751
1 13752
1 13770
1 13771
1 13779
1 13792
1 13811
1 13812
1 13818
1 13821
1 13831
1 1384
1 13843
1 13848
1 1386
1 13876
1 13878
1 13882
1 1389
1 13893
1 13894
1 13905
1 1391
1 13910
1 1392
1 13926
1 13930
1 13939
1 13940
1 13943
1 13944
1 13948
1 13950
1 13955
1 1396
1 13962
1 13964
1 13971
1 13975
1 13985
1 13990
1 13993
1 14
1 14011
1 14018
1 14026
1 1403
1 14034
1 14037
1 14044
1 14053
1 14060
1 14072
1 14080
1 14082
1 14086
1 14089
1 14090
1 1410
1 14109
1 1411
1 14113
1 14121
1 14135
1 14144
1 14147
1 14149
1 14150
1 14162
1 1417
1 14170
1 14172
1 14173
1 14177
1 14191
1 14192
1 1420
1 14207
1 14223
1 1423
1 14233
1 14239
1 14241
1 14262
1 14280
1 14296
1 14301
1 14314
1 14315
1 14316
1 14321
1 14325
1 14333
1 14336
1 14343
1 14344
1 14352
1 14356
1 14360
1 14376
1 14380
1 14383
1 14388
1 1439
1 14390
1 14392
1 144
1 1440
1 14402
1 14404
1 1441
1 14416
1 14420
1 14429
1 14436
1 14439
1 14446
1 1445
1 14458
1 14461
1 14462
1 14463
1 14466
1 14472
1 14487
1 14492
1 14493
1 14495
1 14502
1 14505
1 14507
1 14514
1 14517
1 14522
1 14523
1 14529
1 14534
1 1455
1 14551
1 14558
1 14576
1 14578
1 14581
1 14585
1 146
1 14605
1 14611
1 14616
1 14618
1 14622
1 14636
1 14639
1 14640
1 14654
1 14659
1 1466
1 14664
1 1467
1 14671
1 14672
1 14674
1 14675
1 14684
1 14690
1 14711
1 14723
1 14730
1 1474
1 14746
1 14749
1 14766
1 14772
1 14776
1 14787
1 14789
1 14795
1 14807
1 14809
1 14819
1 14829
1 14833
1 14839
1 14849
1 1485
1 14859
1 1486
1 14872
1 14887
1 14890
1 14895
1 14899
1 14902
1 14909
1 14917
1 14929
1 1494
1 14941
1 14944
1 1495
1 14954
1 14955
1 14956
1 14957
1 14965
1 14966
1 14970
1 1498
1 14987
1 14989
1 14990
1 150
1 1501
1 15017
1 1502
1 1503
1 15037
1 15038
1 15042
1 15043
1 15044
1 1505
1 15064
1 15073
1 15076
1 1508
1 15081
1 15086
1 15087
1 15095
1 15102
1 15110
1 15123
1 15125
1 15140
1 15142
1 15157
1 15164
1 15182
1 1521
1 15216
1 15217
1 15219
1 15236
1 15241
1 15248
1 15252
1 15264
1 15266
1 15268
1 15275
1 15285
1 15287
1 15289
1 15296
1 1530
1 15301
1 1531
1 15318
1 15319
1 15323
1 15332
1 15333
1 15338
1 15354
1 1536
1 15363
1 15369
1 1537
1 1540
1 15400
1 15414
1 1542
1 15424
1 15425
1 15429
1 15443
1 15449
1 15455
1 15461
1 15464
1 15469
1 15472
1 15473
1 15479
1 15483
1 1549
1 15502
1 15505
1 15510
1 15511
1 15521
1 15523
1 15524
1 15530
1 15536
1 1555
1 15551
1 15560
1 15565
1 15576
1 15582
1 15583
1 15586
1 1559
1 15597
1 15599
1 15604
1 15610
1 15611
1 1562
1 15623
1 1563
1 15631
1 15632
1 15638
1 15639
1 15667
1 15676
1 1568
1 1569
1 15692
1 15695
1 15698
1 15699
1 1570
1 15705
1 15706
1 15710
1 15711
1 15712
1 1573
1 15747
1 15748
1 15759
1 15763
1 15770
1 15779
1 15792
1 15795
1 15796
1 15803
1 15805
1 1581
1 15814
1 1582
1 15830
1 15836
1 15840
1 15845
1 15846
1 1585
1 15855
1 15860
1 1587
1 15870
1 15876
1 15883
1 15894
1 15896
1 15899
1 1590
1 15900
1 15903
1 15910
1 15925
1 15940
1 15947
1 15957
1 15974
1 15976
1 15986
1 15987
1 15996
1 16021
1 16022
1 16030
1 16031
1 16040
1 16051
1 16054
1 16055
1 16059
1 1606
1 16063
1 16072
1 16079
1 16084
1 16088
1 16089
1 16107
1 1612
1 16122
1 16124
1 16127
1 16130
1 16138
1 16140
1 16142
1 1615
1 16150
1 16156
1 16167
1 16170
1 16181
1 16183
1 16187
1 16195
1 16201
1 16208
1 16209
1 1621
1 16215
1 16224
1 16235
1 16238
1 16241
1 16246
1 1625
1 16254
1 16261
1 16262
1 16268
1 16278
1 16280
1 16284
1 16289
1 16293
1 16299
1 16303
1 16307
1 16323
1 16325
1 16348
1 16361
1 16367
1 16368
1 16370
1 1640
1 16415
1 16420
1 16426
1 16442
1 1645
1 1646
1 16478
1 16480
1 1649
1 16490
1 16496
1 16503
1 16509
1 16528
1 1653
1 16536
1 1654
1 16541
1 1655
1 16551
1 16561
1 16562
1 16563
1 16565
1 1658
1 16580
1 16585
1 16586
1 16594
1 166
1 16607
1 16616
1 16621
1 16632
1 16642
1 16644
1 1665
1 16650
1 16658
1 16661
1 16672
1 16677
1 1668
1 16683
1 16687
1 16689
1 16692
1 16695
1 16697
1 16699
1 167
1 1670
1 16701
1 16709
1 16710
1 16712
1 16713
1 16721
1 16725
1 16728
1 16729
1 16731
1 16733
1 16737
1 16740
1 16756
1 16758
1 16775
1 1678
1 16780
1 1679
1 16791
1 16805
1 16816
1 1682
1 16821
1 16829
1 16833
1 16834
1 16835
1 1684
1 16842
1 16855
1 16859
1 16863
1 16874
1 16875
1 169
1 16906
1 16924
1 16932
1 16933
1 16936
1 16947
1 16952
1 16959
1 16965
1 16966
1 16967
1 16972
1 16975
1 16985
1 17003
1 17005
1 17016
1 17023
1 17024
1 17039
1 17048
1 17073
1 17074
1 17076
1 17077
1 17099
1 1711
1 17123
1 1713
1 17135
1 17138
1 1714
1 17150
1 17156
1 1716
1 17163
1 17165
1 17170
1 17172
1 17185
1 1719
1 17195
1 1722
1 17226
1 17230
1 17231
1 17235
1 1724
1 17240
1 17243
1 17253
1 17266
1 17267
1 17270
1 17272
1 1728
1 17282
1 17284
1 1729
1 17290
1 1730
1 17308
1 1732
1 17325
1 17328
1 1733
1 17339
1 17345
1 1735
1 17362
1 17371
1 17378
1 17399
1 174
1 1740
1 17406
1 1741
1 17427
1 17429
1 1743
1 17432
1 17434
1 17436
1 17443
1 1745
1 17464
1 17465
1 17468
1 17477
1 17482
1 17491
1 17494
1 17498
1 17503
1 17514
1 17518
1 17522
1 17525
1 17527
1 17547
1 1755
1 17566
1 17597
1 1762
1 17634
1 17641
1 17644
1 17657
1 17659
1 17664
1 1768
1 17686
1 17704
1 17718
1 17719
1 1774
1 17742
1 17745
1 17765
1 17768
1 17769
1 17770
1 17787
1 17788
1 178
1 17805
1 17806
1 17808
1 1781
1 17810
1 17811
1 17814
1 17816
1 17817
1 17829
1 1783
1 17838
1 1784
1 17842
1 17844
1 1788
1 17888
1 17889
1 17890
1 17893
1 17895
1 17898
1 17918
1 1792
1 17930
1 17935
1 1795
1 17951
1 17952
1 17953
1 17965
1 17968
1 17981
1 17984
1 18
1 18001
1 18009
1 18012
1 18013
1 18019
1 18032
1 18039
1 1804
1 18040
1 18046
1 18048
1 18064
1 18070
1 18072
1 18088
1 1809
1 18099
1 1810
1 18102
1 18107
1 18112
1 1812
1 18125
1 18128
1 18129
1 18142
1 18149
1 18157
1 18162
1 18180
1 18186
1 1819
1 18191
1 18192
1 18195
1 18201
1 18209
1 18212
1 18224
1 18229
1 18236
1 18253
1 18259
1 18260
1 18261
1 18284
1 18286
1 18295
1 183
1 18317
1 1832
1 18321
1 18330
1 18333
1 18337
1 18339
1 18357
1 18375
1 1838
1 18382
1 18384
1 18385
1 18395
1 18404
1 1842
1 18423
1 18435
1 18436
1 18444
1 18449
1 18455
1 1847
1 1848
1 18482
1 18488
1 18502
1 18509
1 1851
1 18512
1 1852
1 18536
1 18547
1 1855
1 18553
1 18554
1 18578
1 18584
1 186
1 1860
1 18604
1 18611
1 1862
1 18626
1 18647
1 1865
1 1867
1 18673
1 18678
1 18690
1 18706
1 18713
1 18722
1 18728
1 1874
1 18740
1 1875
1 18750
1 18760
1 18763
1 18767
1 18773
1 18789
1 18790
1 18793
1 18802
1 1881
1 18812
1 1883
1 18842
1 18879
1 1888
1 18890
1 18895
1 18915
1 18917
1 18920
1 1893
1 18930
1 18937
1 18947
1 18948
1 18952
1 18956
1 18978
1 18987
1 18989
1 18994
1 190
1 1900
1 19000
1 19013
1 19018
1 19021
1 19023
1 19025
1 19030
1 19031
1 19050
1 19069
1 19086
1 1909
1 19091
1 19105
1 19113
1 19115
1 1913
1 19150
1 19167
1 1917
1 19174
1 19175
1 1918
1 19185
1 1920
1 19208
1 19211
1 19232
1 19236
1 1924
1 19252
1 19265
1 19268
1 19278
1 19286
1 19288
1 19289
1 19294
1 193
1 1931
1 19320
1 1933
1 19344
1 19348
1 19375
1 19389
1 1939
1 19391
1 19396
1 19397
1 19406
1 19411
1 19418
1 19424
1 19429
1 19432
1 19449
1 1945
1 19450
1 19465
1 19471
1 19472
1 19483
1 19488
1 19498
1 19509
1 19510
1 19513
1 19524
1 19529
1 1954
1 19540
1 19542
1 19543
1 1955
1 19553
1 19559
1 19560
1 19562
1 1957
1 19572
1 19578
1 19592
1 196
1 1960
1 19600
1 19613
1 19630
1 19639
1 19644
1 19652
1 19695
1 19696
1 19698
1 19707
1 1971
1 19718
1 19721
1 19724
1 19736
1 19739
1 19751
1 19755
1 19765
1 19778
1 19796
1 1980
1 19804
1 1982
1 19829
1 19834
1 19844
1 1985
1 19852
1 1986
1 19870
1 19886
1 19889
1 19894
1 19902
1 19911
1 19939
1 1996
1 19962
1 19964
1 19982
1 19985
1 19991
1 19998
1 2000
1 20009
1 20016
1 20042
1 20046
1 20049
1 20062
1 20081
1 20087
1 20090
1 20092
1 2010
1 20122
1 20125
1 20126
1 2013
1 20140
1 20144
1 20146
1 20156
1 20170
1 20181
1 20182
1 20183
1 20188
1 20191
1 2021
1 20219
1 20233
1 2024
1 20243
1 20250
1 20264
1 20269
1 2027
1 20272
1 20288
1 20292
1 203
1 20311
1 20315
1 20317
1 20324
1 20331
1 20333
1 20337
1 2034
1 20341
1 20342
1 20343
1 20344
1 20349
1 20351
1 20364
1 20374
1 20384
1 2041
1 20418
1 20419
1 20434
1 20441
1 20442
1 20445
1 20447
1 20451
1 20457
1 20471
1 20483
1 20489
1 20491
1 20509
1 20513
1 20516
1 20521
1 2053
1 20547
1 2055
1 20559
1 20568
1 20596
1 20599
1 206
1 20610
1 20611
1 20617
1 20637
1 20644
1 20645
1 20654
1 20665
1 20673
1 2068
1 20694
1 20702
1 20703
1 20723
1 20724
1 20737
1 20738
1 20742
1 20749
1 2075
1 20762
1 20764
1 2077
1 20774
1 20783
1 2080
1 20800
1 20803
1 20809
1 20818
1 2082
1 20842
1 20848
1 20859
1 20869
1 20879
1 2088
1 20890
1 20894
1 2090
1 2091
1 20915
1 20921
1 2093
1 20930
1 20931
1 20940
1 20950
1 20966
1 20973
1 20988
1 20993
1 21000
1 21007
1 21025
1 21048
1 2105
1 21053
1 21061
1 21062
1 21068
1 21071
1 21084
1 21088
1 21095
1 21097
1 21098
1 2110
1 21117
1 21119
1 21122
1 21132
1 21136
1 21138
1 21149
1 2115
1 2116
1 21170
1 21171
1 21177
1 21186
1 21189
1 21195
1 212
1 21213
1 21219
1 21271
1 21280
1 21289
1 21310
1 21313
1 21318
1 2132
1 2134
1 21342
1 2135
1 21350
1 21361
1 21370
1 2138
1 21388
1 21391
1 21407
1 21415
1 21418
1 2143
1 21443
1 21462
1 21463
1 21466
1 21468
1 21469
1 2147
1 21484
1 21490
1 21496
1 21501
1 21519
1 21521
1 21526
1 21529
1 2154
1 21568
1 2157
1 2158
1 21584
1 21589
1 2160
1 21611
1 21620
1 21630
1 21634
1 21646
1 2165
1 21654
1 21662
1 2167
1 21693
1 2170
1 21708
1 21712
1 21727
1 2174
1 2175
1 21772
1 21788
1 21800
1 21808
1 21809
1 21821
1 21842
1 2185
1 21851
1 21852
1 21853
1 21855
1 21858
1 21867
1 2188
1 21887
1 2189
1 219
1 21906
1 21907
1 21912
1 21919
1 21928
1 21938
1 2194
1 21940
1 21975
1 21976
1 21985
1 21988
1 21993
1 21999
1 220
1 22001
1 22014
1 22018
1 22024
1 22026
1 22034
1 22070
1 22084
1 2211
1 22130
1 22133
1 22139
1 22144
1 22145
1 22147
1 22153
1 22160
1 22168
1 22173
1 22174
1 22184
1 22186
1 22197
1 22199
1 222
1 2220
1 22213
1 2222
1 22233
1 22241
1 22270
1 22272
1 22273
1 22277
1 2228
1 22293
1 22296
1 22299
1 22300
1 2231
1 22312
1 22315
1 22326
1 22340
1 22357
1 22374
1 22399
1 22412
1 22419
1 22450
1 22452
1 2246
1 2252
1 22521
1 22533
1 22539
1 22540
1 22546
1 22550
1 22575
1 22606
1 2261
1 22616
1 22623
1 2263
1 22667
1 2267
1 22673
1 22676
1 22681
1 22703
1 22709
1 22712
1 22728
1 22731
1 2276
1 22774
1 22788
1 22819
1 22827
1 22830
1 22834
1 22837
1 22862
1 2287
1 22896
1 22903
1 22912
1 22920
1 2294
1 22941
1 22964
1 22967
1 2297
1 22972
1 22982
1 22987
1 2299
1 22994
1 230
1 2300
1 23021
1 23051
1 23056
1 23059
1 23065
1 23066
1 2307
1 2309
1 23095
1 23110
1 2312
1 23125
1 2313
1 23140
1 23142
1 2320
1 23213
1 2323
1 23238
1 2324
1 23273
1 2328
1 23300
1 23302
1 23312
1 2334
1 23341
1 2335
1 23361
1 2337
1 23371
1 23379
1 2338
1 23398
1 234
1 23401
1 23404
1 23434
1 23451
1 23459
1 2347
1 23475
1 23506
1 2351
1 23512
1 23527
1 23528
1 23551
1 23554
1 23568
1 23577
1 236
1 23608
1 23627
1 23629
1 2363
1 23631
1 23640
1 23641
1 23649
1 2366
1 2367
1 23675
1 23682
1 23687
1 23712
1 23718
1 2373
1 23738
1 23776
1 2378
1 23785
1 23786
1 23794
1 23795
1 23798
1 23799
1 2381
1 23816
1 23822
1 23830
1 23834
1 2384
1 23867
1 23872
1 2388
1 23888
1 23892
1 23896
1 23899
1 23902
1 23903
1 2392
1 23921
1 23949
1 23952
1 23967
1 2397
1 2398
1 24003
1 24016
1 24017
1 2404
1 24061
1 24065
1 24072
1 24075
1 2410
1 24105
1 24117
1 24124
1 2413
1 24144
1 24161
1 24167
1 24171
1 24174
1 24220
1 24229
1 24236
1 24239
1 2425
1 24253
1 2426
1 24267
1 2427
1 24271
1 24274
1 24287
1 24293
1 2433
1 24347
1 24350
1 24366
1 2438
1 24384
1 24397
1 24417
1 24418
1 24435
1 2444
1 24459
1 24482
1 245
1 24513
1 24516
1 24523
1 2454
1 24542
1 24549
1 24563
1 24577
1 24579
1 24616
1 24621
1 2464
1 24644
1 24645
1 24647
1 2467
1 24673
1 24679
1 24683
1 2471
1 24715
1 24728
1 2473
1 2477
1 248
1 24806
1 24812
1 24819
1 2482
1 2485
1 2486
1 2489
1 24899
1 2490
1 24906
1 24907
1 24932
1 24939
1 24945
1 24970
1 24975
1 2498
1 2499
1 25019
1 2502
1 25032
1 25049
1 25064
1 25079
1 251
1 2515
1 25157
1 25181
1 25210
1 2522
1 25224
1 25225
1 25229
1 2524
1 25255
1 25270
1 25293
1 2531
1 2533
1 25334
1 25355
1 2537
1 2538
1 25389
1 2541
1 25422
1 25445
1 25495
1 25500
1 2551
1 25524
1 2554
1 25548
1 25561
1 25581
1 25587
1 256
1 25610
1 25612
1 25618
1 2562
1 25620
1 2564
1 25643
1 25646
1 25675
1 25677
1 2568
1 25681
1 25702
1 25714
1 2573
1 25739
1 25750
1 25760
1 25763
1 25766
1 25770
1 2578
1 25780
1 25782
1 25804
1 25811
1 25852
1 2586
1 2587
1 25878
1 25899
1 25905
1 2591
1 25941
1 25944
1 2595
1 2597
1 25989
1 2600
1 26003
1 26007
1 2602
1 26033
1 2604
1 2606
1 26067
1 26077
1 2608
1 26086
1 2609
1 26102
1 26112
1 26128
1 2614
1 26140
1 26147
1 2615
1 26154
1 2618
1 26191
1 26210
1 26228
1 26236
1 2624
1 26252
1 26257
1 26265
1 26272
1 26286
1 26315
1 26342
1 26343
1 2635
1 2636
1 26372
1 26379
1 26382
1 26383
1 26393
1 264
1 2640
1 26409
1 26427
1 26428
1 2643
1 26434
1 26453
1 26488
1 26498
1 2656
1 26606
1 26627
1 2665
1 26650
1 26663
1 26665
1 26666
1 2668
1 26690
1 26694
1 26695
1 267
1 26719
1 26727
1 26740
1 26774
1 26785
1 2679
1 2681
1 26836
1 26850
1 26853
1 2686
1 2687
1 26883
1 26899
1 2690
1 26907
1 26925
1 26927
1 2693
1 2694
1 26954
1 26970
1 26984
1 2699
1 27028
1 27034
1 27041
1 27049
1 2705
1 27053
1 2706
1 27086
1 2710
1 2711
1 27118
1 2713
1 27151
1 27156
1 27176
1 27180
1 27199
1 2720
1 2722
1 27244
1 27259
1 27265
1 27270
1 27292
1 273
1 2733
1 27356
1 27358
1 27395
1 2741
1 2743
1 27459
1 27467
1 27479
1 27487
1 2751
1 2758
1 2759
1 276
1 2761
1 27612
1 27613
1 27671
1 2768
1 27692
1 277
1 2771
1 2774
1 2776
1 27775
1 27805
1 2784
1 2786
1 2787
1 2788
1 27884
1 2790
1 27905
1 2791
1 27914
1 27918
1 27931
1 2794
1 27947
1 28006
1 2801
1 28037
1 28068
1 28072
1 28075
1 28093
1 28104
1 2812
1 28123
1 2813
1 28153
1 2817
1 28179
1 28182
1 2819
1 28247
1 28249
1 2827
1 2828
1 28284
1 28295
1 28296
1 2831
1 28310
1 28311
1 28330
1 28346
1 2838
1 28429
1 28436
1 28462
1 28468
1 28472
1 28485
1 28491
1 28499
1 2851
1 28529
1 28530
1 2854
1 28547
1 28554
1 2856
1 28571
1 28583
1 28599
1 2860
1 2861
1 28615
1 28617
1 2863
1 2865
1 2866
1 28735
1 28790
1 288
1 2880
1 2884
1 28853
1 28918
1 2892
1 2895
1 28958
1 28970
1 2899
1 29034
1 2904
1 2906
1 29063
1 29064
1 29078
1 29158
1 2921
1 2922
1 29229
1 29278
1 29296
1 293
1 2930
1 29308
1 29312
1 29322
1 2934
1 2935
1 2937
1 29378
1 2938
1 29384
1 2939
1 29395
1 29398
1 2940
1 29409
1 29428
1 29483
1 295
1 2951
1 29511
1 2953
1 29537
1 29555
1 29566
1 2957
1 29599
1 296
1 29636
1 29643
1 2965
1 29651
1 2966
1 29681
1 297
1 2971
1 29751
1 29752
1 2982
1 2985
1 29896
1 2993
1 2995
1 29966
1 29967
1 29976
1 300
1 30009
1 3002
1 30024
1 3005
1 30082
1 30111
1 30124
1 30139
1 30193
1 3021
1 3022
1 30224
1 30228
1 3023
1 3025
1 303
1 3034
1 3036
1 30387
1 304
1 30420
1 3043
1 3045
1 3046
1 3048
1 3050
1 30616
1 30621
1 30628
1 307
1 3081
1 3084
1 3086
1 3087
1 309
1 3095
1 3096
1 31
1 3103
1 31031
1 3104
1 3105
1 31069
1 3107
1 31095
1 31120
1 31148
1 31166
1 31195
1 312
1 3122
1 3124
1 3125
1 31283
1 3131
1 3134
1 3135
1 3136
1 3145
1 3147
1 3153
1 3161
1 31666
1 3168
1 317
1 3174
1 3175
1 318
1 3183
1 3187
1 3199
1 3203
1 3207
1 32074
1 3209
1 3213
1 32156
1 3219
1 3223
1 3225
1 32255
1 3228
1 3232
1 324
1 3240
1 3241
1 3243
1 3244
1 3256
1 3260
1 3263
1 3267
1 3269
1 3272
1 3282
1 3284
1 329
1 3292
1 3296
1 3303
1 3305
1 3307
1 3310
1 3320
1 3322
1 3329
1 334
1 3353
1 3354
1 3358
1 3359
1 3364
1 3368
1 3371
1 3373
1 3374
1 3387
1 3394
1 3397
1 3409
1 3410
1 3414
1 3416
1 3417
1 3425
1 3427
1 3428
1 3430
1 3433
1 3436
1 3437
1 344
1 3440
1 3441
1 345
1 3453
1 3456
1 3458
1 3461
1 3467
1 3468
1 3479
1 3485
1 3488
1 3489
1 349
1 3490
1 3492
1 3493
1 3499
1 35
1 3502
1 3503
1 3505
1 3506
1 3507
1 351
1 3511
1 3514
1 3521
1 3527
1 3530
1 3541
1 3553
1 356
1 3560
1 3562
1 3566
1 3567
1 3569
1 3570
1 3572
1 3579
1 3580
1 3592
1 3595
1 3605
1 3618
1 3633
1 3634
1 3637
1 3639
1 3641
1 3645
1 3647
1 3648
1 3652
1 3656
1 3662
1 3676
1 3682
1 3685
1 3688
1 3697
1 3701
1 3706
1 371
1 3711
1 3729
1 373
1 3731
1 3736
1 3747
1 3750
1 3753
1 3759
1 3768
1 3776
1 3777
1 378
1 3780
1 3788
1 379
1 3793
1 38
1 3802
1 3807
1 3813
1 3814
1 3821
1 3825
1 3826
1 3828
1 3834
1 3844
1 3845
1 3850
1 3852
1 3855
1 3856
1 3857
1 3868
1 3871
1 3874
1 3877
1 3879
1 3883
1 3885
1 3887
1 3894
1 3896
1 3898
1 3901
1 3911
1 3913
1 3915
1 3916
1 3917
1 3918
1 3923
1 3927
1 3930
1 3934
1 3947
1 3950
1 3952
1 396
1 3964
1 3968
1 3975
1 3981
1 3982
1 3985
1 399
1 3991
1 3993
1 400
1 4005
1 4011
1 4015
1 4018
1 4019
1 4020
1 4023
1 4029
1 4032
1 4033
1 4034
1 4036
1 4038
1 404
1 4043
1 4050
1 4051
1 4069
1 4091
1 4093
1 410
1 4102
1 4103
1 4108
1 4121
1 4129
1 4140
1 4141
1 4145
1 4152
1 4156
1 4157
1 416
1 4171
1 4172
1 4176
1 4187
1 4188
1 4190
1 4192
1 4194
1 4197
1 42
1 4205
1 4206
1 4215
1 4228
1 4232
1 4237
1 4239
1 424
1 4245
1 4247
1 4258
1 4261
1 4270
1 4271
1 4273
1 4278
1 4283
1 4287
1 4289
1 429
1 4300
1 4302
1 4303
1 4304
1 4322
1 4325
1 4328
1 4335
1 4340
1 4341
1 4344
1 4347
1 4350
1 4351
1 4352
1 4356
1 4365
1 4372
1 4379
1 4381
1 4399
1 4412
1 4415
1 4416
1 4418
1 4419
1 4444
1 4451
1 4459
1 4463
1 4467
1 4481
1 4484
1 4488
1 4490
1 4499
1 450
1 4500
1 4517
1 4521
1 4524
1 4531
1 4534
1 4535
1 4540
1 4546
1 4553
1 4556
1 4557
1 4564
1 4572
1 4576
1 4600
1 4605
1 4608
1 4617
1 4618
1 4622
1 4625
1 4626
1 4628
1 4630
1 4632
1 4636
1 4638
1 4647
1 4661
1 467
1 4670
1 4674
1 4676
1 4677
1 4681
1 4689
1 4692
1 4694
1 470
1 4700
1 4702
1 4705
1 4707
1 4719
1 4723
1 4725
1 4733
1 4748
1 4761
1 4762
1 4773
1 4776
1 4789
1 4790
1 4796
1 4799
1 4804
1 4806
1 481
1 4815
1 4817
1 4818
1 4836
1 4839
1 4848
1 4849
1 4851
1 4852
1 4858
1 4863
1 487
1 4870
1 4872
1 4875
1 4876
1 4883
1 4885
1 489
1 4890
1 4891
1 4893
1 4894
1 4897
1 4902
1 4916
1 492
1 4925
1 493
1 4937
1 4939
1 4940
1 496
1 4968
1 497
1 4970
1 4974
1 4975
1 4983
1 4990
1 4992
1 4997
1 5002
1 5004
1 5009
1 5011
1 5015
1 5016
1 5019
1 5020
1 5021
1 5026
1 5029
1 5031
1 5037
1 5038
1 5039
1 5040
1 5054
1 5059
1 5062
1 5067
1 507
1 5071
1 5074
1 5080
1 5081
1 5093
1 5095
1 5099
1 5100
1 5102
1 5103
1 5105
1 5112
1 5114
1 5115
1 5117
1 5121
1 5122
1 5124
1 5128
1 5135
1 5136
1 5149
1 5152
1 5160
1 5161
1 5163
1 5164
1 5168
1 5176
1 519
1 5190
1 5194
1 5197
1 5199
1 5201
1 5202
1 5206
1 5216
1 5217
1 5218
1 5220
1 5225
1 5231
1 5236
1 5239
1 5241
1 5244
1 5248
1 5249
1 5251
1 5261
1 5263
1 5264
1 5271
1 5274
1 5277
1 5280
1 5285
1 5287
1 5290
1 53
1 5301
1 5302
1 5310
1 5313
1 5316
1 5318
1 5324
1 5330
1 5331
1 5336
1 534
1 5340
1 5349
1 5350
1 5355
1 5358
1 536
1 5364
1 5367
1 5373
1 5374
1 5376
1 5378
1 5384
1 5385
1 5388
1 5389
1 5391
1 540
1 5400
1 5415
1 5416
1 5418
1 5425
1 5432
1 5434
1 5436
1 5446
1 545
1 5455
1 5458
1 5464
1 5467
1 5470
1 5473
1 5474
1 5475
1 5480
1 5481
1 5483
1 5484
1 5487
1 5489
1 5503
1 5507
1 551
1 5511
1 5515
1 5518
1 5523
1 5527
1 5539
1 554
1 5545
1 5556
1 5559
1 5571
1 5576
1 5578
1 5579
1 5581
1 5589
1 559
1 5591
1 5595
1 5601
1 5608
1 5616
1 5617
1 562
1 5621
1 5623
1 5629
1 5634
1 5640
1 5648
1 5653
1 5654
1 5655
1 566
1 5662
1 5666
1 5673
1 5681
1 5684
1 5685
1 5693
1 5698
1 57
1 5702
1 5706
1 5716
1 5726
1 5728
1 573
1 5730
1 5733
1 5742
1 5744
1 5745
1 5755
1 5756
1 5760
1 5761
1 5773
1 5781
1 5786
1 579
1 5796
1 5802
1 5812
1 5814
1 5816
1 5817
1 5826
1 5827
1 5832
1 5837
1 5845
1 586
1 5861
1 5869
1 5871
1 5877
1 5880
1 5889
1 589
1 5895
1 5896
1 5904
1 5908
1 5913
1 5928
1 5936
1 5940
1 5945
1 5959
1 5968
1 5970
1 5971
1 598
1 5981
1 5983
1 5988
1 599
1 5991
1 5994
1 5998
1 600
1 6003
1 6006
1 6009
1 602
1 6028
1 6034
1 6045
1 6057
1 6060
1 6062
1 6063
1 6069
1 6072
1 6079
1 6090
1 6096
1 6100
1 6102
1 6104
1 6115
1 6116
1 6118
1 6122
1 6136
1 6142
1 6143
1 6144
1 6145
1 615
1 6153
1 6154
1 6157
1 6159
1 616
1 6165
1 619
1 6194
1 6201
1 622
1 6222
1 6223
1 6244
1 6246
1 6247
1 6249
1 625
1 6257
1 6258
1 6261
1 6267
1 6268
1 6274
1 6277
1 6281
1 6283
1 6286
1 629
1 6290
1 6291
1 6298
1 63
1 6307
1 6308
1 6317
1 6318
1 632
1 6325
1 6328
1 6329
1 6339
1 6344
1 6347
1 6353
1 6359
1 636
1 6360
1 6367
1 6368
1 637
1 6374
1 6379
1 6380
1 6386
1 6394
1 6401
1 6404
1 6415
1 6416
1 6424
1 6428
1 6432
1 6438
1 6451
1 6453
1 6459
1 6464
1 6465
1 6467
1 6468
1 647
1 6474
1 6475
1 6477
1 6481
1 6484
1 6489
1 6494
1 6503
1 6509
1 651
1 6513
1 6521
1 6522
1 653
1 6530
1 6531
1 6536
1 6537
1 6539
1 6541
1 6544
1 6549
1 6556
1 6558
1 6559
1 6560
1 6562
1 657
1 6574
1 6577
1 6582
1 6585
1 659
1 6601
1 6604
1 6609
1 6619
1 6622
1 6624
1 6625
1 6629
1 663
1 6631
1 6634
1 6643
1 6646
1 6648
1 6654
1 6655
1 6657
1 6665
1 6669
1 6674
1 6682
1 669
1 6691
1 6693
1 6695
1 6696
1 67
1 6700
1 6702
1 671
1 6713
1 6715
1 6717
1 6721
1 6722
1 6725
1 6727
1 6732
1 674
1 6746
1 6748
1 675
1 6755
1 6758
1 6759
1 6775
1 6784
1 6789
1 6797
1 68
1 680
1 6801
1 6804
1 6807
1 6810
1 6811
1 6812
1 6824
1 6825
1 6827
1 6828
1 6839
1 6840
1 6846
1 6852
1 6853
1 6860
1 6863
1 6865
1 6868
1 6878
1 688
1 6883
1 6888
1 6891
1 69
1 6901
1 6906
1 6908
1 6909
1 6914
1 6915
1 692
1 6921
1 6928
1 6930
1 6933
1 6940
1 6942
1 6956
1 6960
1 6962
1 6969
1 6974
1 6980
1 6982
1 6983
1 6990
1 6991
1 7002
1 7004
1 7006
1 7009
1 7010
1 7016
1 7026
1 7032
1 7040
1 7045
1 7046
1 7048
1 7049
1 705
1 7051
1 7053
1 706
1 7062
1 7079
1 708
1 7089
1 709
1 7092
1 7094
1 7095
1 7112
1 7113
1 7118
1 7120
1 7122
1 7127
1 7128
1 713
1 7131
1 7133
1 7139
1 7146
1 7153
1 7156
1 7162
1 7163
1 717
1 7174
1 7176
1 7177
1 7186
1 7193
1 7197
1 72
1 7202
1 7203
1 7204
1 7208
1 7224
1 7226
1 7233
1 7236
1 7239
1 7249
1 7256
1 7266
1 727
1 7274
1 7276
1 7279
1 7285
1 7293
1 7294
1 7299
1 73
1 7304
1 7306
1 7307
1 7311
1 7318
1 7320
1 7321
1 7328
1 734
1 7352
1 7360
1 7366
1 7370
1 7374
1 7382
1 7383
1 7385
1 7386
1 7391
1 7392
1 7393
1 7397
1 7398
1 7402
1 7403
1 7407
1 7411
1 7415
1 7419
1 7425
1 7429
1 7430
1 7434
1 7437
1 7439
1 7445
1 7449
1 745
1 7454
1 7460
1 7466
1 7468
1 7469
1 7474
1 7481
1 7482
1 7485
1 7492
1 7494
1 7495
1 7496
1 7497
1 7516
1 7517
1 7519
1 752
1 7524
1 7526
1 7527
1 7528
1 7529
1 7530
1 7546
1 7548
1 7549
1 7558
1 7569
1 7571
1 7590
1 7594
1 7597
1 7598
1 76
1 7602
1 7605
1 7611
1 7612
1 7613
1 7617
1 7618
1 7621
1 7628
1 7631
1 7632
1 764
1 7645
1 7648
1 7654
1 7657
1 766
1 7665
1 7675
1 7681
1 7695
1 7700
1 7702
1 771
1 7712
1 7714
1 7715
1 7721
1 7730
1 7733
1 7743
1 7745
1 7751
1 7752
1 7762
1 7764
1 7767
1 7784
1 7790
1 7794
1 7795
1 78
1 7807
1 7822
1 7833
1 7840
1 785
1 7868
1 7871
1 788
1 7889
1 789
1 7897
1 7914
1 7934
1 7949
1 7956
1 7962
1 7965
1 7966
1 7970
1 7973
1 798
1 7986
1 7987
1 7990
1 7993
1 7994
1 7999
1 800
1 8009
1 8016
1 8020
1 8034
1 8054
1 8059
1 8061
1 8063
1 8064
1 8066
1 8073
1 8074
1 8076
1 8080
1 8081
1 8083
1 8085
1 8086
1 8087
1 8088
1 8089
1 81
1 8105
1 8106
1 811
1 8112
1 8114
1 8118
1 8120
1 8122
1 8124
1 8125
1 8126
1 8128
1 813
1 8132
1 8133
1 8135
1 8136
1 814
1 8140
1 8146
1 8147
1 815
1 8152
1 8156
1 816
1 8160
1 8161
1 8162
1 8172
1 8177
1 8183
1 8184
1 819
1 8192
1 8198
1 820
1 8202
1 8203
1 8211
1 8219
1 8221
1 8235
1 8236
1 8237
1 824
1 8249
1 8256
1 8265
1 8267
1 8274
1 8275
1 8290
1 8293
1 8310
1 8315
1 8318
1 8330
1 8331
1 8332
1 8333
1 8336
1 8346
1 8358
1 836
1 8361
1 8365
1 8374
1 8377
1 8386
1 839
1 8395
1 8396
1 84
1 8401
1 8403
1 8405
1 8406
1 8408
1 8419
1 8427
1 8428
1 8433
1 8436
1 8440
1 8444
1 845
1 8451
1 8471
1 8477
1 8483
1 8485
1 8491
1 8496
1 8504
1 8511
1 8518
1 8530
1 8534
1 8535
1 854
1 8540
1 8543
1 8547
1 8553
1 8558
1 8564
1 857
1 8570
1 8581
1 8585
1 8589
1 8590
1 8591
1 8593
1 8598
1 86
1 860
1 8604
1 8623
1 8626
1 8630
1 8634
1 864
1 8650
1 8654
1 8656
1 8658
1 8659
1 8664
1 8665
1 8676
1 8681
1 8688
1 8690
1 8692
1 8694
1 8696
1 8697
1 8700
1 8701
1 8704
1 8711
1 8714
1 8717
1 8718
1 8725
1 8736
1 8757
1 8758
1 8772
1 8773
1 8778
1 8785
1 8795
1 88
1 8802
1 8819
1 883
1 8837
1 8842
1 8843
1 8844
1 8851
1 8852
1 8859
1 8866
1 8871
1 8872
1 8875
1 8881
1 8882
1 8886
1 8887
1 8902
1 8906
1 8908
1 891
1 8914
1 8917
1 8920
1 8921
1 8923
1 8929
1 8930
1 8968
1 8969
1 897
1 8970
1 898
1 8989
1 8992
1 8995
1 8997
1 8999
1 90
1 9006
1 9008
1 9013
1 9020
1 9022
1 9040
1 9041
1 9048
1 9055
1 9058
1 906
1 9063
1 9069
1 9077
1 9091
1 9093
1 9094
1 9097
1 9099
1 91
1 910
1 9108
1 9127
1 9129
1 9134
1 9147
1 9156
1 9157
1 9160
1 9164
1 9166
1 917
1 9174
1 9175
1 9185
1 9187
1 9196
1 9199
1 9202
1 9210
1 9212
1 9220
1 9230
1 924
1 9243
1 9246
1 9248
1 9257
1 926
1 9260
1 9263
1 9269
1 927
1 9273
1 9276
1 9283
1 9284
1 9285
1 929
1 9291
1 9292
1 9298
1 9300
1 9311
1 9312
1 9316
1 9322
1 9325
1 9329
1 9335
1 9342
1 9343
1 936
1 9363
1 937
1 9370
1 938
1 9387
1 9388
1 9396
1 9400
1 9409
1 9412
1 9425
1 9430
1 9444
1 9456
1 9464
1 9474
1 9475
1 948
1 9489
1 95
1 9505
1 9518
1 9519
1 9530
1 9532
1 9534
1 9555
1 956
1 9560
1 9561
1 9572
1 9576
1 9577
1 9578
1 958
1 9584
1 9590
1 9591
1 9593
1 9612
1 9613
1 962
1 9625
1 9626
1 9632
1 9642
1 9645
1 9646
1 9648
1 9651
1 9655
1 9656
1 9664
1 9670
1 9674
1 9684
1 9686
1 9692
1 9693
1 97
1 9708
1 971
1 9715
1 9721
1 9722
1 9723
1 9726
1 9728
1 973
1 9738
1 9740
1 9742
1 9743
1 975
1 9750
1 976
1 9760
1 9761
1 9777
1 9783
1 9786
1 9787
1 9795
1 9799
1 9805
1 9809
1 9814
1 982
1 9825
1 9827
1 9828
1 983
1 9830
1 9831
1 9836
1 9837
1 9839
1 984
1 9840
1 9844
1 985
1 9862
1 9890
1 9895
1 9899
1 99
1 9907
1 9916
1 9918
1 992
1 9928
1 9945
1 9955
1 9958
1 996
1 9967
1 9972
1 9973
1 9975
1 9976
1 998
1 9983
