3464
28509
8545
20637
6094
28611
19106
16163
32578
30777
10631
21518
6476
760
25626
29938
19040
23357
2407
16963
7373
31163
31649
18082
27481
28118
14831
26259
23998
7967
22322
24767
15125
23484
6537
25694
1899
4571
10004
25977
1961
17709
5660
31867
29682
24207
24939
778
12691
26616
12102
17503
6759
21639
9550
10572
4281
14050
18653
16393
24760
12640
10575
26603
13896
27276
23018
1920
17787
4344
20706
10945
25812
8287
31774
7554
27669
28324
14343
27498
31842
3312
17282
4657
31091
21446
7475
25288
22318
12603
27587
7447
10716
1587
18177
12105
10862
18139
19098
25013
22270
21023
24166
31989
19201
21554
20202
27638
1286
462
10276
30496
24680
30338
6863
7688
24865
2726
24548
11019
26259
18529
10085
9087
21082
11302
13447
30782
31606
323
18074
4659
31555
11098
17199
14165
11081
32183
16734
13850
26710
14886
27561
21301
8850
18847
18898
21714
12392
24812
32710
31912
23756
4687
16696
9686
27106
763
16486
18364
29183
28019
25691
3458
13106
11373
8170
20504
10374
5490
29088
1396
31516
10906
20856
1445
14160
26234
7752
19208
26515
12870
18830
26768
24100
32290
16658
14120
4153
17214
17990
10579
28118
32432
23338
100
29217
30743
22610
28945
11663
29064
1706
3995
22246
11780
24618
30512
5331
13761
29416
27568
14184
20978
14437
27092
6674
4374
3723
29161
16801
18038
8353
3128
28631
24994
6930
29962
32216
21440
11468
15995
31102
4383
27973
23266
28816
13124
23233
17923
68
13123
19406
4899
11583
14530
31213
20515
3392
22296
612
10520
24103
3504
29431
3
12396
28810
18345
15646
12252
13689
2092
16171
19735
856
22048
30725
16782
8401
29164
10247
28751
14021
1819
27817
25104
13712
19972
28748
21558
18940
7540
30277
20349
28945
9778
27228
14977
1846
18853
3227
21868
18327
11281
26547
22057
21550
29405
30371
32188
1768
28128
23108
13899
4511
28937
26045
2920
26049
30068
16708
23373
10953
3363
31726
4575
29475
12191
25371
20694
3468
16982
28433
27536
18649
1677
21704
15103
4663
7566
28325
1946
9867
32153
2758
18875
14523
30126
17327
23620
12814
19725
20227
16964
25153
11209
27107
6054
4266
3337
26568
22711
16986
14395
6605
24375
20234
15629
2429
20606
1014
5742
14904
1977
3565
13819
9629
24821
32659
31359
6680
19854
14752
18235
15548
5248
32033
2066
17019
22873
32587
6160
11965
28043
32172
5188
3356
17916
28196
16135
2549
5448
2317
10057
13110
23570
2381
27583
21316
8658
18388
13288
5859
27149
14399
10985
30018
18921
27296
18039
10653
21921
768
29510
11742
5577
725
14318
27534
25282
27611
3261
7656
25698
28788
32151
30734
25234
30124
12568
19381
12184
1944
24785
720
22324
3121
3662
7512
11540
12915
16917
16921
12865
30699
6883
29087
31926
15940
23629
9703
20477
25475
4616
15233
18340
14093
26142
17445
1976
27973
2412
14962
4263
15741
28708
5081
12710
7596
14763
10018
32243
15073
32296
18210
22841
1875
23024
26464
27365
26875
16176
6604
12274
31039
13233
29651
6011
20523
8148
22971
6401
19361
30287
17540
16724
6938
29324
7323
7046
21515
10895
13583
11408
26768
18382
16727
17788
9794
20545
32079
959
16128
30040
12230
12271
5625
16927
295
28769
27314
11703
29802
32364
4450
125
11986
8
18022
27613
24592
4359
31872
13182
30272
3389
30086
2281
25903
2503
10904
20689
6450
27037
20146
164
3240
11143
11527
2685
15047
30715
10881
3270
12921
2550
925
2163
9647
18363
1769
16269
28083
21307
1748
22086
6563
17868
4047
6920
30560
12749
18991
30465
21769
27158
30273
7279
32327
5293
18370
3085
20272
15251
334
10866
11672
1467
29488
26934
12601
17427
32614
14402
4185
8057
11337
14582
17668
9647
31559
20815
20679
13839
13953
3689
25413
18629
6994
26045
10521
14918
21550
32033
14217
8272
16223
1927
14849
16109
30427
25126
18005
15397
20436
21085
14383
12380
17796
1674
21349
23217
26325
27661
29186
24558
7363
21802
9377
13113
11991
19678
32642
26792
16304
15975
6819
7648
20541
27237
15725
15068
29406
2141
19369
8477
5391
3980
25237
5813
5224
17255
32079
2443
19143
4314
25674
22407
7658
17571
25305
14200
16284
20301
32266
28584
12216
15700
10620
8938
15459
3176
22702
26564
4014
511
16272
4636
10215
24361
32318
16478
10505
16032
22900
4563
3625
32393
15539
21107
26082
16527
15800
15970
17359
27427
8396
1739
5708
15968
10593
2318
22899
19775
16248
25390
1021
3984
22312
31012
8178
22500
24919
6871
935
1233
3630
24761
10591
23336
1191
420
28805
27184
17608
2721
16743
306
16178
9423
22652
20084
17410
8390
6809
20642
2462
28666
8544
13699
21496
17991
25872
30126
29074
27118
9006
28698
9185
177
11
11880
22804
24785
1424
7045
20480
7808
17015
25577
2901
11858
1428
30813
7849
17348
27482
22264
13724
23366
5217
26612
31725
31777
1753
15951
21465
20187
14718
2837
18952
6177
25614
22507
30983
19949
12723
16196
4981
18387
24868
8881
1013
25089
705
23982
18145
21945
23508
9756
4748
30480
18220
6385
7787
11285
3286
17559
24154
29836
20969
4881
6869
5126
28634
19557
161
10431
1148
31490
30401
32345
26760
25440
5744
26374
28712
15510
4316
8347
19823
26888
29110
4713
5188
32331
18030
15135
926
27541
21871
30030
9247
12293
28252
25992
25044
25228
6602
15817
20891
27124
18705
11075
30917
26881
10971
23781
11527
21010
2809
20205
12939
805
24848
5782
29467
25612
31190
19959
3238
5711
7952
27728
18805
15365
18543
32330
32575
14140
28502
10066
25425
24057
4059
21583
27295
17193
27852
10622
14328
5398
30893
8226
12770
26587
18473
13368
2757
2936
21463
24429
557
30761
18139
8418
11238
12949
31803
26918
28996
20082
5443
28616
18201
3406
22940
2978
6245
30136
28067
6566
3600
22053
28823
14992
843
28288
28443
29512
11283
23331
13919
18261
18953
13676
25424
6813
6188
18966
27666
23924
21430
5063
19257
22227
19347
6286
14578
12443
11604
8816
28243
7772
3820
14097
18975
21751
27229
31385
2073
8186
29220
22937
2173
18816
22152
30141
4871
24324
28777
30933
11450
7146
7821
26971
13976
3443
32675
13723
6194
20757
29560
23920
15748
31499
18195
1503
26928
4613
3810
22424
24325
27359
26743
21626
23629
29043
5948
25400
12615
3743
1219
32257
23244
3959
7091
18727
23937
10564
1404
4645
21819
23222
15916
10330
15393
30341
1850
25872
16624
13949
27173
27807
16556
16959
22717
24261
2739
19661
29872
4483
30515
10425
23651
16259
8834
7677
22750
30199
8730
26067
24737
2467
632
14671
4161
16925
19179
11510
18503
31541
25113
1291
27727
3395
16351
14567
31730
11379
18231
27249
13381
18736
11822
20808
26682
5908
20107
29772
24298
19676
9948
32270
15
7647
25239
3246
4556
22616
1430
11605
155
17632
17614
4673
31388
6953
16697
29160
2190
6465
30999
20431
3703
11552
31135
5640
20002
23253
9647
2398
28584
24455
21601
20279
32704
29923
9462
31577
17114
19919
1817
21347
426
9112
13052
25962
9382
21599
1116
18316
23322
9187
8374
2238
27123
7384
12292
881
13872
19914
8649
10044
27934
29795
23147
15651
6957
4333
23657
2339
2674
16953
31827
28207
6573
6487
25250
27250
3126
1908
17175
11825
3464
23211
24730
13344
24011
19235
29937
22391
29725
25791
18817
25017
31087
29414
25844
8709
21
18682
27293
30158
2978
17317
21367
20295
16793
7864
2050
13218
31637
28462
166
30209
26851
13323
27280
11990
3903
8612
15070
19691
14610
4815
15158
20808
9944
26880
6569
7891
13893
13493
2298
5512
20021
2126
7605
19972
5455
15364
31351
18152
21738
24422
9920
17318
14173
6067
18466
4930
28044
26184
11146
20938
4660
1080
17223
16297
3795
1768
29852
31400
16784
7265
21353
22709
18718
23501
26449
11864
6584
4278
29633
5803
32468
14538
1654
24374
4774
25050
6283
16584
25486
13440
18582
27078
9237
18997
15725
15252
19989
9989
25195
6208
21063
20889
3634
10295
4736
16589
8941
17474
28593
11626
2217
12388
21256
21273
28100
17220
6117
26961
10037
22501
2313
4107
22964
10631
24696
29376
829
25643
29764
8895
27232
7467
23234
1446
15319
31547
3541
18980
13404
18776
13640
4981
30361
28793
24914
4827
17340
2123
1719
14592
11999
24511
12677
6587
4825
5166
995
22120
8563
14899
19753
4766
6525
31570
17677
32633
13030
29767
28089
25223
21238
23342
31178
28456
5753
6039
14373
21811
21800
30205
27340
6163
16186
23418
23249
26909
10226
28825
3207
29076
4707
27674
27275
23533
30724
19965
15318
8851
29582
10379
535
25079
21818
6708
28428
10477
8050
22017
20364
19667
18409
8671
7127
23652
11934
6486
13275
8034
16522
1946
13038
11884
10410
28459
15191
29337
31476
16984
11656
9802
18276
23693
8187
10737
10203
14096
3960
5720
32286
2877
14904
32084
8449
986
19065
11631
31577
19594
24674
20641
19386
31863
9182
14038
24745
6219
23387
14954
12137
27027
4734
13352
29431
22909
15893
3368
2007
23901
5519
2132
26585
707
11319
26081
26879
9323
5913
25522
6522
31961
31150
23160
22693
6251
19017
24981
16208
22218
24998
6910
18990
14836
29419
8028
27110
21755
30226
7438
6969
24084
19087
14759
3512
4509
11189
23415
13587
7326
32005
15274
16038
19506
74
15247
388
17005
10901
24607
15482
11237
30725
24901
845
23539
21385
26253
23041
5444
12126
11120
18309
17710
5193
22618
16239
3368
18910
5204
17675
29065
28429
31528
15905
24534
22395
12556
1587
2708
32090
29625
16823
20630
23108
17653
19197
2862
29022
11208
18402
2881
12321
10734
13616
32610
3332
4975
14359
18765
10528
30276
30971
13932
12049
25488
12793
7243
4779
18205
7740
9324
15387
13583
29275
14724
23526
14836
8462
13864
16982
11721
26880
19835
16134
20264
27942
7926
2200
7610
4931
513
16536
1081
20217
25315
18594
24006
4154
4142
29993
9291
26834
9407
23880
3697
31169
30790
30861
18689
5905
10375
15546
20409
22579
12212
17442
22673
6111
22575
28816
24252
30081
24433
5829
31302
15003
26531
13661
17543
10994
10443
28440
16682
18387
28209
27319
22956
20874
27730
21615
22838
22360
13817
21741
9569
5354
10146
27282
13593
16641
403
21194
1685
11953
31048
9582
26940
24664
21699
23580
22871
30774
2737
16589
16533
24117
7158
10293
26050
8503
3877
30795
21958
22421
14850
15008
4471
10437
15630
23778
17470
4921
13320
9
28909
8783
13393
2873
26799
23961
8250
31690
28668
25878
6239
16204
936
3823
17956
14127
10400
20335
25273
23752
20471
12952
11700
22716
19635
28137
27677
12995
12010
25095
11943
16601
1444
16919
1280
2940
26644
4725
24283
6047
29151
15788
31046
24593
2605
27405
21814
7552
29682
1610
6409
29207
20914
22243
4752
6034
31734
20784
15195
14480
8567
5597
864
4299
8894
13999
24994
27265
28924
4112
19805
7418
22788
18425
19807
1990
12245
18398
11724
7492
10914
23087
14772
24461
21826
15349
6222
1075
21683
17294
22164
2789
17183
30391
9823
15875
20845
12956
23433
1912
20280
7902
28684
28279
10026
11563
13261
16201
5576
5871
19061
3671
5485
25572
1455
23296
9766
29895
23430
15304
13650
5969
26952
10706
9846
29384
1261
30042
31643
11192
15896
28326
31913
8773
17967
2977
29008
32629
6562
1186
14611
30743
26674
27181
132
15601
3207
4300
7560
15246
32420
8682
13330
23851
5512
8273
25651
26128
24414
2284
24890
24221
644
26945
28105
24492
5742
24150
31018
13751
28918
5618
6287
23068
31983
17361
8644
20404
28474
7595
21148
31842
11468
27134
10484
29228
32443
8476
15880
21457
20777
27707
16532
10023
4779
8799
28552
29344
28092
10140
14738
15369
14110
11249
25754
10155
25136
29132
3046
14584
1680
5129
19261
5276
14110
14712
22327
28233
24027
26516
14075
22832
588
28220
15625
1265
30160
14584
17953
24184
13851
30336
4208
5907
22072
25015
10249
28906
1294
14808
9309
20741
25942
26872
8686
13713
6681
26706
604
5087
13827
7110
11779
10220
16010
4125
14761
1527
3741
15473
19156
12594
19815
2338
27639
18368
1658
27714
17103
28799
31209
16220
14311
70
7985
17208
27300
7361
11638
5878
21127
23544
3498
3824
3734
10960
26622
29299
20882
21501
14086
32599
3984
15783
26171
23233
6863
24433
1291
21771
29213
31467
13455
106
16398
28647
4935
18418
17968
46
7517
30817
10429
11187
19167
18415
10034
10311
19202
16443
20604
15355
24711
15547
405
9426
20177
2743
24275
9952
3662
30715
18020
24816
28553
29184
19239
12440
18182
4148
17296
19190
19400
16735
14565
23810
17188
12838
9382
20047
12587
22808
26480
6139
30614
5404
30584
25959
25049
32267
28446
27248
22262
21703
18567
25209
12214
220
28785
25286
1498
32048
29277
8623
27486
22201
16546
701
27765
21774
6487
11223
4592
24505
31671
5065
9169
2454
19997
884
19908
12069
16375
17859
1147
16368
17758
19144
17206
16472
28780
12585
24806
23061
27840
19184
12488
5232
17518
23502
8676
28066
29361
16941
16653
13448
18682
26410
16154
20840
2655
31918
30945
7049
23254
3110
2766
16654
27878
29532
224
3035
10184
20225
26893
23067
32622
24800
10054
30585
17621
22524
15164
6874
22931
25997
26893
18979
9893
9924
15542
15286
18505
26377
4449
31811
11444
1798
10712
3118
18828
8560
1232
24329
13613
24996
57
10669
2338
8534
11462
24187
15629
3063
5249
14709
29838
12119
29607
18497
32204
18193
26062
3523
29952
1484
12832
27605
23720
27393
11131
18652
24024
31748
31775
27394
1022
19798
25898
30970
11586
9323
111
27785
6724
27963
9834
9539
24295
24264
8753
5628
25175
28437
12607
2504
19070
26122
11931
5068
15277
29961
21095
876
31656
15115
243
29583
1273
1598
23780
24544
22764
148
7165
4786
31819
27262
30229
23081
26789
4256
5643
57
8812
29761
18173
19863
14832
18326
9127
16531
17819
32737
16389
1499
8041
29146
15601
28847
19162
7827
20262
29395
19934
4616
2616
13142
14897
11891
9327
27296
20670
13143
17184
4246
15807
24388
22
6901
6328
27173
32401
30587
23762
16523
31221
8162
4112
4799
8033
14591
28367
28283
15590
10388
29775
28939
14946
7292
5577
30497
26599
6755
23948
20379
12982
9662
26290
7802
5376
31427
24802
11574
18958
218
800
31380
11659
31565
8224
3187
13102
28179
11003
24226
16035
15935
12692
28494
5318
25422
27122
3011
28285
21345
4687
31507
19837
29803
8069
15197
13020
30623
27796
7614
13598
7825
13657
9485
31122
5356
4139
24714
8407
24663
13811
10374
11696
10516
4357
30074
519
1460
32420
18948
20742
19097
20726
2838
23561
1393
18375
31443
412
5111
18498
30093
29688
15250
17680
29658
26864
10907
15284
4083
9591
27325
29163
5635
11983
12729
27878
1889
12607
23149
17838
27354
9094
22348
11819
27483
29207
25951
30537
17121
12273
5099
20918
13829
18829
32651
13267
27811
19675
21897
30277
6876
1951
3730
4230
5146
21544
27844
29457
32405
9001
9907
7951
866
27390
6101
16952
3258
17224
32646
20152
10932
5037
5330
20545
21188
10485
28440
5666
7046
23842
3049
5984
15115
5581
12206
7463
22700
22478
11351
14371
10668
5540
23028
6904
17014
29314
3733
30521
28054
18808
8120
19054
23538
12944
5869
29601
22448
25533
16241
23849
32536
2785
22738
20305
18874
28738
24108
25786
29748
21044
31197
18707
10371
11975
20745
14499
24395
10827
25479
18168
2696
3672
14149
26376
21393
6604
16795
6565
4500
7915
17969
11602
12254
9338
4838
27286
16650
3619
27446
28118
19464
16224
19144
2407
28925
29071
3461
8451
18176
11172
21267
10846
10851
5478
26474
31212
27724
29325
10747
12131
17581
19099
2124
6989
18691
28762
27826
3331
4804
11711
26354
20258
12965
14835
29035
4060
17030
8720
20983
1157
5146
8283
4961
31303
9452
18422
32194
14003
15693
14593
7926
29901
11933
25620
9760
13538
18273
18300
23630
15374
10208
4744
11029
9925
27144
12678
8782
3906
17052
19627
30914
10833
23677
6131
18538
2735
14924
22964
4034
7755
31047
17490
16998
27502
11826
19118
28701
20776
24194
8499
30627
17669
19467
23343
29463
7611
4706
16076
4302
4849
14135
25155
26524
9258
6656
20040
8591
5644
1842
7677
22285
8267
18151
12999
29359
3326
28076
32750
594
18827
8203
10884
12627
17700
7610
9656
17497
7178
8012
5434
19595
31851
24871
15669
19858
28452
17569
10563
31522
15313
23388
28590
6050
4269
6253
3422
26690
9291
15002
18272
10887
24145
27587
28417
32068
3469
27553
20741
12430
3043
968
4889
20265
3845
18220
24788
18203
16352
13703
14288
26463
14031
30536
32564
13035
19508
30582
29655
14170
30205
7375
13750
2865
30435
17812
1723
7843
26347
5067
19732
31850
15609
9341
19071
9028
1188
14882
27306
6170
20513
5331
15592
8189
26914
5218
17959
3050
11105
15822
10707
2691
9882
31143
18896
4581
28644
6917
12824
25819
21787
5047
19589
3819
30193
13388
15503
5604
28145
9598
22899
19897
19082
29555
23274
16405
12629
9122
28525
28052
26661
5351
24874
19991
14174
32752
17738
13182
8860
24853
18332
20581
6260
27861
24434
30021
8899
30913
20805
31938
19802
31291
16362
14978
17759
28029
14557
8829
29300
5379
2475
8335
22644
19165
10857
1859
3273
31963
32366
29165
11200
30286
162
29806
25938
21798
29104
31031
23937
2889
3951
25709
22727
30486
26953
30264
19858
21349
8790
32226
25342
8643
5153
10430
25433
16516
10057
20982
29323
28100
9915
17785
18117
25256
12860
23581
13171
16058
26960
27610
12320
2634
7682
28297
4499
12884
1629
16369
3220
9587
19500
32576
20845
12169
14336
23152
3590
10730
3891
5420
12900
28325
30322
21699
21721
4382
29889
9398
343
28684
2914
28149
16954
2010
9594
14377
737
29395
9945
11740
22467
25647
21813
4026
26030
15591
3344
30758
27476
27379
18204
24033
15562
21268
19760
31480
10327
24984
909
23218
8132
31763
28976
14442
4602
12343
15204
25794
17129
10353
20935
29913
14014
29118
32737
18279
6348
16156
22630
22771
20333
9322
15392
4593
16158
10579
21588
11475
16716
14409
6744
32602
12553
17780
32662
30524
22039
17439
16081
3706
26817
10061
24542
22877
26666
24684
1471
30606
28341
6097
14623
11980
28270
25739
15849
1175
1707
15457
7208
20677
12013
23078
7842
27524
6462
9904
25307
11601
11842
29172
11746
16428
23438
1500
25235
13388
3028
4287
4910
31896
7752
5938
7260
2248
4149
25412
24985
5207
3467
5233
18948
17015
13476
26761
13290
4932
67
13129
4592
19364
16218
31566
4390
27202
30403
31736
27721
14313
32488
25951
28200
8702
17642
4000
17553
6974
15691
13307
10972
12422
31595
5455
9895
5549
2736
28265
21721
14090
15221
2557
16725
26693
32262
27895
24142
11625
25915
6466
23128
27914
30624
30070
16397
28567
26512
2401
31892
14514
6086
1192
2430
12125
7781
11768
5294
21591
5055
11543
21813
22891
1428
3138
23637
7326
3470
26855
12453
28829
10672
5508
27851
32354
25654
28294
815
11431
1805
10940
16699
26622
22207
685
15420
28332
13113
19609
2127
4618
17888
32523
29372
11148
22006
94
6400
5287
7804
26844
20484
2099
11160
9091
27392
24111
11263
17561
18079
28972
25942
13140
5984
2112
18300
2130
28662
7530
20994
17012
32409
7510
30747
14424
29550
27434
9364
15935
16273
9071
32267
25576
12586
16125
15336
1223
17212
10366
8642
15004
14969
4078
22570
20615
19659
29701
3465
31449
17864
1135
6377
7109
28189
12866
13127
17711
10599
19161
14399
16063
21046
16107
22192
26312
29348
5897
5770
8859
25092
30004
24945
30750
25401
25080
22075
22751
14204
28179
15482
7877
30857
961
31174
22583
7628
25934
17344
23090
8792
25684
3976
22070
24159
29396
17183
2903
4320
30867
17349
1424
21717
10123
30556
28636
22591
29675
30580
25205
25758
31523
14649
2847
18905
15882
29190
7283
19088
13418
11384
26548
9616
5153
1373
31313
21056
25454
17233
10094
32570
10594
31223
4182
5142
27961
1417
21900
16305
29849
24575
10665
26073
4685
802
10320
23783
16792
27690
13258
25462
2490
9051
23445
21896
8828
5195
3766
795
25058
14414
5205
20083
9393
14200
15177
2041
3272
11174
23197
28053
7250
18296
11408
9802
26720
13525
27838
10292
3359
24044
32568
21740
3842
12675
19628
15572
6854
15559
13712
24836
4645
21013
5158
5725
30075
4851
9403
8558
7102
25485
13217
21768
1431
16160
11185
29261
5882
25134
2083
13058
27263
2318
7786
21359
27569
30613
18612
24290
661
10181
5549
647
6671
135
19198
23148
24369
3687
13511
10406
18028
26742
12078
7884
14988
13003
7504
548
8547
22413
27146
1503
1130
15877
15601
18603
13103
13036
18443
14071
9196
1357
4795
6378
31353
9660
30731
8697
21944
369
30779
1716
13718
23933
11551
5727
7750
16401
17615
8141
13613
14010
22275
6196
6010
20355
13147
10774
1409
27130
15457
7062
4456
8655
30140
58
19207
26341
26327
7774
26736
26655
8674
20889
15419
8541
17482
10480
7184
22791
4692
16950
4883
27645
3584
11791
13402
10407
11174
2828
8059
25072
30065
22011
14654
462
23209
13347
13623
6184
26226
30231
6279
9237
22481
2381
25297
23108
26291
26654
19280
4314
513
26917
20120
32154
5610
434
32762
6404
22746
19761
25836
1354
19559
153
10358
20602
30520
13195
29724
27222
22232
18331
2557
23039
32651
31773
11100
11139
15315
14846
23957
891
3442
3386
25617
24680
17504
32038
6989
4055
32730
4626
23281
23467
1048
18013
11482
4164
13925
19580
8074
30545
19276
31859
5164
16303
15105
20186
20164
21252
31166
9640
3948
22528
20557
8083
17496
24435
881
13840
1236
7037
26948
26758
8712
11753
19762
9000
14299
2510
22070
1045
2681
20322
8866
9048
1862
15709
14615
20130
26489
17789
26764
820
19031
6511
20941
8933
27767
13685
30754
21580
21652
481
32416
19123
12322
16872
15860
20297
28090
23367
6592
3409
22958
27423
9391
29758
24590
16857
16661
18359
2024
21365
17213
21372
12176
4774
3175
23980
31154
18067
8506
12870
25568
22083
23517
12988
26305
18590
4615
17362
28307
3662
3479
13543
27409
3460
10597
22374
10061
24863
5772
17341
20460
16847
30807
15364
13716
29709
26548
26939
22046
13171
22126
112
29387
29450
23725
14844
13510
16915
9053
28472
24658
12171
18599
6571
11451
3935
6952
28735
30367
9685
7391
1546
13695
24538
23735
7713
3735
26278
10793
8605
9420
32594
9538
15820
25676
27440
29853
24417
20776
26589
10686
1370
29492
4070
8614
29959
25120
5229
32437
3279
24998
10578
262
1879
3911
27533
27024
11655
22244
31528
17844
15532
23252
3497
25649
16755
2583
953
11001
1741
2303
25360
7065
14903
9385
1273
4823
25114
26526
14837
30825
31959
793
5271
10285
3801
16442
3594
21957
31300
3944
21490
5980
16188
7190
3684
923
11544
20047
13219
6590
4117
26037
28721
18428
18837
30747
26311
15280
7156
7490
30417
8067
10677
18821
28813
11247
6135
16503
19523
32531
16277
1587
21971
15685
31776
30164
22701
17047
13402
16620
26023
19989
18124
4312
5370
22655
6011
32491
13386
18009
27817
11616
17355
13116
30821
4439
18394
28365
10820
22843
29310
32585
7292
17928
25998
22051
13533
7310
8456
31856
12682
12851
2788
23462
19633
3885
23061
18682
21014
21687
22215
24362
11441
32496
21191
24798
381
17521
22740
14029
3868
13647
7966
8895
26662
5747
162
14056
25058
29467
28808
5200
3170
27315
22639
26917
28762
20970
22607
8282
1313
5981
22264
12921
286
490
2102
22344
26574
31201
20861
9869
11800
2500
19159
26358
9788
10200
12277
2468
12657
742
17907
2401
13055
27460
13754
8048
21113
30849
228
28119
26413
1698
4745
1517
26972
13749
9131
984
14793
20942
25248
9452
11631
28384
20301
11204
8082
14358
26274
28650
24033
5138
11907
31204
24789
16598
16785
1249
23980
29409
9065
30583
3497
29949
11505
5212
19813
5102
3292
10747
20126
25965
21611
14562
11615
10902
21260
16222
24259
23440
28600
447
15636
21614
19077
915
9188
15198
9691
25657
3631
3313
10817
16896
23899
113
32339
22534
1725
18400
4310
28403
21928
31760
14529
26890
28683
12246
15583
31628
4384
8781
6383
29916
21193
19552
28304
27793
10290
10756
2252
26805
27506
27720
16487
21904
26983
8751
2882
17440
10120
28318
1290
27372
9728
27358
3195
25097
548
25299
13116
32567
13096
20958
11469
19162
32311
17370
22383
32013
25818
5173
20416
15168
26874
38
28128
30358
16754
2232
10489
23965
26601
7799
27041
7753
3032
23963
996
24536
11570
30661
12014
27166
19892
27791
7302
29782
20307
4560
25318
13437
16648
17325
1241
7443
23685
11265
19629
16689
19701
25927
1414
14000
4665
27795
15620
24219
18393
9134
28490
19619
12809
3803
24750
25714
13715
15991
9417
19865
20554
11532
17126
26636
11572
11893
13990
14631
30707
9300
7387
28422
13917
6463
8449
12164
6749
22719
3141
18811
26012
5950
17351
5245
28358
27792
4016
27085
24697
20357
9290
25714
8638
6819
501
13713
9039
18082
555
23212
18376
15890
29051
18370
26394
1750
24708
30918
9988
13534
25100
14872
1869
31648
5967
4427
6983
5657
6307
11626
5794
11350
21262
14300
3221
10680
25243
2697
28178
32216
4729
31240
17335
5834
17136
27515
11100
11842
16642
21427
28062
27974
16400
5419
10641
6110
2117
22245
11441
8016
20396
854
13784
13121
28842
21638
8651
10988
9654
19849
24877
1365
28406
6887
21321
12228
28924
24994
11318
13070
18984
29133
16252
20977
26772
10585
15413
10555
7350
20931
17086
5980
109
17457
23187
9878
21429
28030
10795
1806
30334
14207
29872
12709
9562
6641
23694
27530
32155
28694
4465
27207
26886
12922
31675
14842
18014
26147
31419
9976
29105
30910
20580
14111
32283
28264
17659
21738
22702
31098
22721
4512
3893
12116
4349
12066
16611
4276
365
4660
16403
11384
4804
12608
4972
1542
3388
26483
6839
27664
13782
8232
29048
14839
28617
9599
24652
26466
10177
16675
29357
13298
7054
23021
7185
13949
23172
32155
3973
6766
22987
24360
7673
22996
4710
20830
8723
27463
683
19550
22167
24747
22659
10848
9285
23669
16152
30280
28839
20258
18377
3088
31723
30327
9534
23026
5698
13980
22634
9774
24542
28701
9014
17566
18262
30316
23558
13222
5778
7692
19473
7332
10748
30206
16330
16459
18979
20539
15444
8818
6104
6239
15900
7681
26145
18982
23591
32546
15837
19087
9104
26168
22815
10618
2570
13941
21520
16884
18125
21202
2287
29383
884
18994
6275
11809
24656
19022
19420
28268
7530
11057
20548
30061
1532
14500
1909
20954
17320
24216
5005
31297
9875
12656
922
5623
17025
11878
10607
14380
19063
32213
3966
25525
9549
23626
30879
28668
2905
32448
17764
7175
29832
13811
15192
18783
17642
3837
31904
29566
5767
19642
10647
27795
30082
8514
25802
13726
17508
13761
19985
10259
31005
26316
22823
7423
18900
4740
27988
24261
1279
10407
18085
6035
23285
14270
2411
20642
28325
24524
15006
28525
1751
15267
11536
24127
9083
5896
7552
19797
9824
809
9968
7601
12493
3708
10301
12876
25770
20897
20205
25966
291
18738
14302
8638
32699
31724
20175
8301
1173
14149
18584
14207
8522
18009
6131
27662
14315
7883
6310
19974
11123
6589
13339
27641
5921
9866
20002
25424
13686
24459
21753
7292
15551
11394
7303
1918
10531
23445
5088
9175
9118
5211
24009
16455
17711
11018
31530
382
10661
6643
15887
23409
3980
6601
4792
4873
12754
293
31636
3053
17666
23344
11808
30663
20575
24892
11155
30644
1266
14408
15053
18268
13998
25461
30690
29707
17854
25580
18518
3254
22618
1856
15218
27728
9965
4647
14686
27210
21468
7538
17720
26507
24547
27386
23032
2715
1428
12049
16280
11265
17380
26768
20918
31321
1312
17377
8014
21476
25551
11990
20818
30384
32597
23600
31365
12981
21461
31583
17267
5678
28689
1018
8170
24637
8763
29760
3495
22790
27623
25299
26528
8610
9889
62
14108
9649
27538
11508
28431
8188
4944
15028
15015
6853
29038
6126
3342
6624
31539
3228
2832
24308
27018
22873
6370
30776
26808
6197
24929
24490
4198
6721
9741
5463
10602
18003
16151
8186
3382
7623
3121
16364
21426
22619
19407
4574
23864
27311
26814
14064
7136
19435
25669
22770
10980
17412
21124
26570
2028
18093
17974
7178
18341
30207
29090
24409
25569
21792
28773
29446
7447
9907
30083
27230
14906
4541
19276
19585
4344
2077
26131
607
11813
5751
28336
14215
6017
5127
16218
23018
3988
6745
3292
5290
21880
20055
29352
25667
10041
15349
4637
9656
17888
3039
24442
28689
13525
7739
7472
14988
13784
26952
8159
27937
5751
4550
13431
31415
11323
17040
19876
8088
4391
1207
21493
11134
24520
2170
29352
21864
2140
11249
67
20938
22926
23495
28268
10076
9586
5230
13649
22316
9900
6970
3611
29800
4643
32491
26152
3211
29826
12727
4281
26739
15295
25270
17059
25563
14594
15442
30292
22998
8961
5312
10712
21118
3620
3034
683
30378
13620
30762
25064
13233
17170
2268
20026
8139
27168
13892
4109
3394
22287
1963
27317
29814
26958
23045
15497
460
15349
5609
21347
7287
15960
11773
9990
13608
6011
10657
1965
11424
27253
135
30288
25396
21446
19902
13387
7575
28864
25623
5721
27016
14382
25621
28097
28123
26261
9752
5004
7507
32447
20132
10477
5308
17692
21120
30236
10958
25045
7359
22865
26861
23266
28084
8190
27840
10322
14374
5115
5828
8457
31311
31105
4877
24504
24400
23990
27623
12924
9099
13705
28950
28745
17982
3377
25438
12850
32000
8688
211
21064
9599
3350
10291
21608
6129
12917
21355
7415
14513
899
25068
11603
16105
17244
22378
31850
21679
15622
18541
25804
31683
2454
14845
16741
3745
16957
9904
4160
13074
211
26780
18947
11349
14139
2519
18798
26301
7116
4181
1430
1225
17088
17860
16559
27813
28830
21840
32244
578
20980
24104
202
2909
10386
12305
27724
8768
30986
14273
29859
8059
5739
1511
28661
26338
14421
27986
18777
22797
30044
9202
15484
8615
7405
25810
3514
12000
28191
17313
24506
29141
23980
4470
24081
24833
32047
26245
10607
5458
6707
16380
11827
3201
22294
30411
26447
29495
199
268
6335
5014
29624
17078
28491
4985
15729
17389
13927
31778
28579
4286
12522
7042
26961
18189
7320
18644
4994
30779
13594
19952
2017
5647
13528
4072
7087
14286
24282
3939
15223
761
4235
3356
2432
10080
10264
30502
20462
11959
22341
15764
18652
19896
26977
28593
9673
16448
6523
30972
14900
18619
7184
13239
29869
31962
29847
7703
26200
9499
20843
25761
22548
14561
20145
21684
16068
22172
22257
3748
28422
31182
31839
6100
19746
14280
1182
29988
15313
97
29893
4082
12978
7976
22850
21308
15014
26779
30961
25792
15775
8863
6077
2808
26672
11596
12953
17398
22012
6628
31795
3727
30590
14279
17894
14669
182
11096
9955
31004
11116
27094
4198
606
12515
18405
27283
28623
21232
12893
12404
15037
993
5086
13304
31315
2879
25436
11904
12255
24799
16679
25177
20261
14971
15886
5086
26542
1635
1142
22439
31051
17622
6147
10027
22979
1395
25501
25085
3313
30626
30700
21818
9324
25465
27179
31395
6140
21113
5525
29831
7457
12427
23251
16787
5787
6335
8702
29780
3508
362
25151
13677
739
24606
24006
28074
12364
12254
13394
4074
4506
1078
4452
25112
18674
3373
10740
8263
29483
29159
15354
2358
5691
26677
23059
12539
26641
9212
16963
31093
22968
18987
31081
32175
22519
26369
30742
21312
32665
18914
12420
15151
3628
17272
5018
30120
2202
30585
7979
18996
26294
21139
23536
20922
10085
14507
22130
13532
15822
21439
27184
3317
12203
23376
29066
7382
21982
2246
9700
20027
21310
25372
22450
22272
28163
2517
19116
28618
10813
27859
20732
5400
16999
448
19991
7930
28393
20720
19935
25693
12853
17259
3719
4655
21634
491
3601
24210
30956
8938
26514
25297
17209
27449
6853
25362
23867
32220
12802
32440
8277
1879
15513
26084
8296
24324
24406
32632
23171
17702
848
13406
11208
6393
15891
14099
24218
25691
19718
4422
27906
2001
9208
22190
4420
13308
3389
16670
20483
24548
11068
1092
12248
24553
8423
23257
14925
11214
15703
24273
11405
24684
4412
3047
31352
22782
16719
21568
15681
10233
29281
12604
27922
27629
32238
6561
26371
7598
8714
21823
4948
24666
25977
1960
23614
11451
21526
22236
540
9849
18197
10476
15972
19426
9272
10747
12828
13093
5032
30713
3246
7592
3779
12236
25172
11482
21656
8529
19997
2234
31518
5261
24255
687
16598
32218
14965
31448
24408
29571
16685
5628
29673
11137
26137
8248
8113
26970
30836
31256
2961
2966
11513
18721
25330
5770
14225
30565
29477
21439
28172
15389
15806
8324
28821
29664
25871
31525
9683
7258
28918
25711
18632
26538
223
15877
8687
28596
9252
3827
13261
30275
9759
5343
16462
6102
4599
10006
6970
31203
23332
20469
17208
11054
6707
5817
28725
8569
31767
5333
26911
29952
568
32034
26075
6925
1803
912
28519
10849
30666
20916
2774
14626
17730
31493
27232
1041
5594
17469
22078
16888
7797
3771
7111
30548
29097
543
30835
13595
5850
22324
15311
5751
30036
5765
3156
24495
20106
15668
18877
26598
15842
3933
5421
19594
26061
14020
29487
26544
1315
2930
30462
14227
10853
6036
32009
11069
13388
29852
818
22227
11030
24905
27594
6746
24841
27177
3806
18832
18613
28936
22397
23123
21368
9291
15021
16469
22464
23312
15569
8456
5151
23313
14015
3076
6585
4995
4624
25943
19841
9700
8555
21329
8558
6283
27512
16239
8869
24262
32753
25591
32710
26642
30579
8712
30672
14722
9831
25634
13301
9326
5760
20226
10648
3203
17760
15270
25700
4171
25490
10683
999
2606
15912
31070
1094
3592
21219
28565
22307
31445
7171
12578
28348
17476
21139
19577
15650
8037
16700
22246
18396
28837
32496
20113
30788
11216
28306
26352
24821
29811
30276
11024
12314
4130
25380
17618
21545
31784
31591
26719
21648
25196
4196
1043
19956
670
4767
5038
28853
6016
31572
9419
5222
16334
17420
12084
13992
21037
20703
13234
591
17468
2387
18612
9571
28811
16447
25060
21602
10182
11156
28062
11096
32158
10025
29887
30311
13308
23891
21393
27266
17990
2460
3677
4631
20399
10126
22249
27772
18585
31233
3774
24591
12622
11640
8594
6669
30864
19003
20901
13986
18921
32719
6148
10378
19804
17911
4605
26913
30144
1080
4325
4873
15467
3313
21828
4152
4366
30377
14097
17114
15466
10945
24208
23027
31448
1309
21947
22553
1203
22096
7435
5358
30671
27880
31825
11778
17758
12868
29841
27254
24668
23010
16145
3469
11752
32716
24082
4846
22784
8440
22233
4224
27753
6558
22406
23146
30200
14204
16957
12422
8045
23459
31688
17896
22308
10196
31727
27239
17079
19462
1968
14487
20790
29000
19223
28371
21296
18419
27880
19389
26296
22188
21473
19760
4422
8379
29087
31059
7625
15584
6219
5566
22866
9150
4389
14949
16984
803
15194
28171
1788
31087
19065
1543
28569
23902
30903
28946
7875
2304
3241
15552
17325
6892
273
9035
31911
28152
26062
30556
6320
16763
15095
17149
14951
23392
18191
14317
21896
9
21814
25515
12342
2367
14436
15013
226
23028
1911
9683
25953
22624
30055
733
16339
5085
15770
6306
19911
2838
8525
15932
3343
16423
12380
12547
29942
21312
29688
30813
14033
21257
21166
1157
14751
15739
6833
14740
11180
13906
28758
6773
21665
14813
21290
31170
30091
23223
5519
9448
18426
18484
2874
18647
6614
16198
4294
5939
26717
2430
11799
5793
22778
3381
1740
1625
20323
28344
12762
5130
2440
30409
12973
19995
23223
32731
11235
4906
21956
25345
25923
28737
15157
9464
2705
6046
22009
18389
19783
30432
14458
23125
2783
27418
27121
4821
9681
22966
2678
32618
25891
7675
5376
4831
23294
32356
21263
21479
13672
17937
4508
17601
25755
2936
17931
17836
29318
19857
11461
10264
6612
8095
16301
2522
14386
12406
3163
15234
23397
1663
5855
13309
26535
6220
6875
32108
13095
6428
5265
22593
26693
15566
948
7996
14305
31723
16758
25445
19956
28403
27686
10510
30029
26661
20605
9752
26816
16986
22617
14243
19733
20837
6748
3791
8518
11569
8360
10405
22659
8271
26677
917
30177
2246
17264
6197
5239
1955
18397
16757
15651
23865
14122
12978
15333
3371
5722
5244
21034
21256
25578
4585
22094
11632
29378
7557
19071
25205
18345
15408
19202
25064
10984
5251
30523
28189
154
5475
7359
3515
22759
11316
24552
17332
27087
19721
23373
23153
28961
30454
3601
21081
2403
29960
20347
10332
30044
4262
8852
30593
8618
5860
15935
6405
1250
24963
4921
23282
21007
7017
11454
671
10696
15484
13838
29874
5311
32243
14837
8560
9469
24640
26135
23090
1515
11674
25014
7302
30493
27397
10127
18709
31934
865
20307
7230
26980
26298
21447
15419
1029
24346
11172
27840
19605
23144
9244
25026
17674
14954
15095
14049
31357
23872
14507
14756
13780
15716
32220
32514
30915
7805
2797
19002
22369
25588
3648
20731
17210
23206
15023
14061
24973
17017
22919
30700
18981
32539
22708
32657
9355
19740
32755
20965
262
25012
17458
15928
29830
29792
29942
19627
3006
8532
4015
15505
27207
18857
11809
26854
27320
26741
22638
11316
5247
15872
26529
10925
22467
26789
25116
28842
20437
10287
16928
19018
20656
15838
9510
7524
11254
31585
11460
15246
4745
15270
30372
31939
23137
22500
26565
14366
7513
8974
27182
15530
15350
8232
26425
1778
31150
12477
30219
15867
17827
11748
19879
181
29341
3896
2636
23940
9959
27141
24290
11873
26632
31714
3535
14692
12768
5294
29277
28195
14907
9939
24161
26409
31386
25405
25731
15096
7615
10068
5098
20642
10350
29451
24465
3952
20140
20177
18448
7460
9522
27342
22640
28810
10477
29055
9360
23728
2082
3782
22464
32207
12604
13866
30008
1933
25151
11528
10097
26277
30535
32235
18742
12099
29478
4123
6069
5824
19663
28419
14877
27177
23663
27416
15802
27856
12082
4879
17603
8291
26615
19311
27876
7695
1876
4559
16459
10456
9583
7068
22186
1016
22420
19858
13598
3294
840
25562
9974
2260
12460
31347
1666
32107
10201
11780
2336
31090
25534
7816
12033
5973
18432
23609
1525
4172
10335
2916
27733
30286
15146
451
29398
2910
11657
22619
2989
31637
31706
2169
27954
20405
2729
23918
22363
9580
14495
14679
150
24769
2060
8395
26605
23052
25029
2042
8403
13507
23373
26898
10402
20918
3259
5450
15965
25180
15548
3286
2736
13771
25033
16112
19715
25538
12700
22609
22465
24651
4964
8674
20798
7969
10768
9288
1671
1658
27305
24493
4775
31475
19093
7608
23345
23959
27026
12610
17490
200
9778
18702
14676
18220
19637
5142
31181
15386
7862
5931
969
16901
24182
31870
30597
13872
3160
1757
23120
24918
5893
21462
22608
11017
13536
10630
25313
22903
32067
8273
2790
5741
31728
1341
5287
7943
10614
31276
25372
756
14989
25350
17814
20732
16007
22952
17621
13137
26411
4781
22754
30199
3806
10857
4275
13194
24419
6650
14190
10514
16035
5094
25914
30946
10281
20822
17512
18372
25106
14971
20708
31437
7886
9417
17782
27578
31982
27563
24570
6569
20536
15544
26167
21665
9044
27011
15800
7780
25348
12659
24948
27103
7003
28100
16449
19306
30
13338
11689
5432
2345
3139
27709
2122
25088
405
23656
12389
14852
19533
11507
24400
2542
13062
19920
29820
28375
3916
9394
3101
31733
9281
4084
4583
216
13911
3415
17435
21117
25481
25314
11824
22348
29112
16915
1451
30153
587
13606
18675
31025
6006
5699
14606
23589
28122
18956
6694
10419
32677
3707
15033
31841
14415
6921
3720
3859
25529
4410
15734
8813
21190
24883
19416
26850
29753
31547
20459
32231
16468
6068
18642
12090
5130
25676
22303
12961
10472
18912
5924
1286
22370
23898
8425
21106
14990
2339
11330
12004
8399
29631
31067
12618
4592
24630
4879
18169
8253
28467
9530
1835
3717
21599
380
11921
14499
5656
4026
28737
11587
4363
7212
13434
24722
9999
18577
7062
29769
26853
14733
3038
8388
20782
8071
2854
9430
19457
27563
24907
5200
32025
1409
6351
23152
9309
20418
14447
16660
19327
2511
27332
25613
11290
5712
9081
22291
13251
320
19023
25791
16657
25319
4048
11715
20250
9662
22086
27071
18413
247
15541
6783
30592
9170
28621
7010
29655
15478
19016
11154
7745
5432
20195
29044
11580
11235
13446
6298
30796
26053
5612
21709
8615
13272
7025
18140
26773
3597
23780
25216
17748
12681
30579
4081
13342
32011
5271
18764
8500
888
17272
5255
4141
21804
17008
12509
19799
11596
28115
13343
17923
22172
6818
17087
23043
26477
7088
27169
8409
22898
6201
19328
29687
28248
13690
4419
1542
11360
14144
32358
2960
31863
18177
8077
17255
26201
1395
2444
1017
29207
11862
3710
14346
22793
6686
4091
16129
430
17090
17818
14599
14453
23882
6717
13710
29835
11460
7272
11325
8854
1871
2300
12166
23250
2527
25058
21496
10982
16283
2867
31914
3879
24767
19751
8634
17673
3440
10464
2405
27313
22643
12529
21313
16652
30707
4136
2133
18857
1013
6631
284
27588
19514
6340
9578
23368
29891
8476
8466
4589
24704
7566
2473
30215
18601
27638
12319
24459
10236
9979
16062
10307
19644
9496
739
13583
21833
19005
24024
22107
31561
933
31568
2490
30748
27974
1764
24004
32079
16746
2539
5075
10556
20792
31562
25961
29130
6507
20835
31225
15466
19934
21498
5947
4481
6879
23212
15461
14779
7559
28423
27115
18530
9560
21020
9641
22389
5456
29596
27045
32761
21092
6736
738
22981
23748
12324
29026
26648
22942
12214
5425
14199
260
29036
28680
251
25310
16675
9745
8743
2599
6750
15375
24442
19131
3068
5290
10075
22027
32040
19773
17898
8741
28341
29441
21507
813
1305
23379
17618
4939
10380
5116
21439
31930
12539
19389
2534
30051
14259
15467
25179
247
16416
1459
27870
11974
15690
17229
28991
13091
11356
26436
26752
5570
30661
27094
25099
2759
8897
22412
24862
23949
14135
6341
1801
25245
11283
22705
29653
24045
30415
9277
19193
7096
4733
7702
5396
19985
24209
3662
20123
25287
24672
14062
22368
8698
12949
16164
5425
14284
12792
16944
7332
21731
19718
11923
27667
5454
2780
2727
17054
26782
18718
28235
24838
13176
4680
18784
25102
7260
13458
15369
16512
20498
13983
24570
3080
6073
17039
4791
13300
14810
30747
19817
16525
3480
1171
19134
12827
28250
27247
25137
19167
14032
22971
29670
24476
17672
21587
18990
18316
14952
4819
19836
23434
5421
8491
27093
4173
3544
32310
29577
30657
1699
22165
30818
18459
26656
14507
22580
17096
14456
26620
11462
8367
18826
7554
28672
11127
17685
17455
14862
11915
16670
21091
29424
28363
17093
272
26042
30229
28290
21281
5435
18653
2770
4286
18069
16785
30370
8561
20474
1002
15137
10772
1124
21808
20352
9235
29536
19076
26641
14110
31225
16702
32404
20107
3265
1559
4561
14170
11726
28042
19134
27893
6551
4264
21045
6464
24676
15881
3152
16460
8371
2860
16359
10365
20577
19091
29622
9575
28799
228
22836
16868
8594
8294
12567
21380
11755
23562
5050
244
31050
2720
1803
32135
16674
21064
22664
6508
13079
1412
3870
25029
17399
31448
1805
320
18364
26479
22067
2181
14122
14155
19873
4974
9315
13853
8693
571
5588
30374
15301
9678
3292
16748
22491
32260
186
23038
11196
8849
13928
18309
17013
27657
30617
25912
7651
10206
30887
6308
28869
26159
5714
20866
26225
8100
30705
4011
26165
10453
12217
31685
10943
12026
4931
30748
14455
7895
28303
29853
24495
25131
15858
11556
5162
28634
1944
5507
15612
4458
7842
13080
21795
25053
4304
3703
13654
17812
7501
52
9417
31800
2947
30972
32400
24397
4593
2755
28882
26101
26938
11350
19252
857
25111
25648
13812
11867
19048
12854
16981
30447
23325
23257
19065
21173
8181
27229
30313
17698
18032
29651
15308
10296
17149
16837
25583
249
21683
1295
4149
19811
4686
9674
15654
11925
8118
23879
2026
15233
9869
9319
26177
7229
18377
14589
7677
2361
3731
11878
17113
27562
22232
25426
21778
2489
7273
15970
883
23363
14641
11310
28078
24944
5736
26744
18609
25346
22980
10920
22349
9696
10326
31428
1829
24745
13991
6322
30642
20817
29001
10288
24956
32536
8118
29969
17022
18143
18577
8740
2210
9071
11294
17218
28569
13206
7760
28198
28129
11989
27800
8625
21921
24321
30734
11922
9984
26055
19552
5982
30879
12620
19966
7253
22520
22660
16108
19536
27678
17985
15445
23008
27797
24218
22051
11270
9803
9500
7280
29493
1031
8437
24629
26331
15941
13456
12947
27828
10751
19613
7573
19112
30519
31408
31682
5830
26897
29095
2310
18553
24850
29365
31128
1645
32599
28132
6648
15013
6169
4587
10216
7970
32363
31379
5127
31055
13200
3275
3303
11467
1341
31464
17026
8491
7186
29672
16180
4389
22884
9493
4885
30095
9653
10135
18722
11602
32199
23932
26533
4813
14879
15171
28621
2871
10167
25225
24056
4168
22684
32102
11668
25049
30141
32576
1481
12916
23954
15514
25827
10704
14292
9841
11179
18711
20265
15162
3854
23980
29593
9262
8554
1024
23582
24841
16022
1183
30350
15531
12678
10482
27283
12740
7950
26340
9755
28932
8568
9359
16585
8551
18491
4193
16551
18277
26231
14588
12094
10239
25746
3474
24298
14076
15460
6492
10787
30997
3222
25532
22229
21718
17625
27273
31800
32288
15425
29260
5155
23201
15153
29572
22451
26556
29584
12116
29075
27574
18796
2512
29287
3667
20986
21728
20414
4053
32336
11248
23391
11886
3805
30190
19828
8463
27103
7451
3580
21878
8183
12798
21263
5223
12283
18681
6018
20915
2187
26498
19010
31249
4583
25428
25077
3934
13125
32488
7815
31201
24800
27132
3491
30969
31233
38
582
1670
24891
13861
22897
11343
29495
5820
25468
25716
26051
17416
31704
26402
32471
7246
22081
32276
13161
25288
24117
16986
18923
2262
11413
17663
21621
28752
8841
11716
4190
28518
20326
5934
25192
30467
16780
726
16815
3975
697
29968
8550
3576
31386
15755
15153
21165
2142
21412
19345
17775
19368
8966
19309
9587
14737
13067
7311
18567
27019
11145
5630
24898
16497
11157
1250
10128
12859
7962
11040
22163
31227
30106
9773
25211
31662
28355
12769
27302
19156
701
11352
21805
20401
27675
23768
1527
12019
20723
18943
8552
10036
9123
21491
27115
32563
19961
14710
15200
14174
17170
5657
25347
4252
24602
7579
3098
25174
1282
10495
17225
30646
4294
32729
32707
8184
32316
28628
31021
793
9598
1535
10064
22192
16993
20342
29088
7376
6949
14281
28253
25021
15102
24141
423
27508
12094
16185
29350
11457
22314
12853
5048
21160
18524
8436
17204
12760
27458
29437
18000
20816
24891
20026
197
12480
6279
3249
28174
18504
22103
7664
21474
2684
16672
4650
29548
1643
24668
19452
27355
30025
2078
19460
17238
16085
11074
31944
2192
24629
21888
15743
14535
20435
16384
16148
13441
9526
10775
13237
25793
4423
14223
30724
28459
7452
16627
19447
3280
29999
24333
16215
32541
5634
560
6307
9512
30368
9437
3910
19095
17300
6196
13828
26475
20994
20737
22008
2714
1466
19403
8341
26066
10501
19044
4606
1801
26175
5756
7325
31383
7598
16924
8848
4870
19314
6365
7491
2124
26479
13824
1015
10082
1717
13515
3602
3499
23544
28328
3600
23312
21966
29158
909
11317
14353
25075
7237
4526
8175
16356
7257
19326
563
13229
22491
16946
2275
13437
27697
9143
26318
25128
14750
23189
10931
10077
8242
5107
27403
25688
19363
2457
15968
28162
7094
31430
22438
29581
21963
17417
25146
13734
8704
28758
32659
26255
6857
5129
15265
31519
28566
4050
16098
19139
1707
18263
1298
13056
32454
15889
8232
32036
19868
847
31861
11592
12572
31553
21628
7928
24107
26124
20885
29248
26644
7246
10238
8064
12800
17786
16888
16392
19965
1648
11226
27536
9010
4126
21209
15881
14477
17739
7826
30582
8309
12739
10046
30266
42
24543
14516
16159
14560
30895
6563
7859
157
13877
19076
32193
32391
22611
21671
11280
12818
15552
14646
27259
23905
25235
19355
30427
27733
12575
9756
12802
21964
10973
30202
3749
19415
23200
15631
26359
20006
29485
4515
31562
16736
9208
14994
7069
12858
18582
17142
5853
2204
15754
31131
15571
27834
4147
5115
26470
14265
29670
13345
10242
14633
2323
19388
9380
11677
28706
23987
22213
6616
10241
9204
16049
28052
27174
3525
6754
30596
21510
48
6546
28418
4071
22135
15737
4180
17866
32177
26556
9042
103
22476
8705
31618
5332
24438
10590
16592
5579
6560
5292
28337
32537
26792
16737
20854
14871
31119
13080
5804
13366
20965
30507
3780
28228
32633
20123
28552
5093
6319
21784
31548
8973
22631
458
9576
25820
22115
19976
24338
9760
14140
21662
8406
16502
2449
30163
25828
20439
12818
5388
6931
5064
27724
28520
5693
15885
30522
6355
26544
31470
24767
12761
31328
5216
18457
2581
2378
23254
1446
14139
5458
23775
32449
16234
6447
4110
3640
11679
19552
4128
2360
9078
19168
11008
24209
15656
613
8575
4286
28667
17633
12242
6174
22175
18683
32470
8414
6845
29578
2651
30053
1960
29122
10718
21934
5348
18342
16184
7470
14284
561
4189
5906
21718
15159
4487
10756
22234
8913
20199
10870
29803
29889
6258
21020
15306
24554
20349
29037
13647
25051
12239
490
28642
25103
16652
17833
5956
21985
20097
19885
345
17272
25538
12066
20138
9650
14230
8796
19330
26144
32510
12260
25077
19693
10624
2912
27800
7809
18959
6875
11412
27669
2057
18159
9421
236
6340
9838
26355
16959
3334
28332
22232
23759
23320
13950
26249
14291
19055
2226
6672
26913
17944
24008
15700
605
24391
3573
21182
1862
5622
18634
24980
29521
8339
17105
11309
2573
5145
14060
2938
30219
18480
29067
2440
21820
31648
4492
26236
10984
31230
22508
4867
22538
30207
10942
1250
17884
10447
26602
11119
24507
825
10131
21548
1563
2746
8716
7635
20613
9493
31902
29725
16919
3432
16216
22957
10596
27232
5764
19732
1516
28706
1507
17337
8891
8640
21880
18175
1239
9127
21744
6774
7234
18741
6472
19473
8695
28995
18421
10472
19886
29404
30184
7456
19879
5243
24280
12507
1707
1899
13567
558
17407
22803
30949
1298
7166
2893
30109
28658
11287
16209
22902
6694
26631
14275
16256
10113
20606
10955
10848
23986
24790
5900
6267
3727
8956
6341
21606
21533
11235
11612
6031
12182
2898
22239
25979
4390
4463
25883
19084
4070
22791
14053
185
20930
18839
7271
24986
9092
25542
32244
11607
12929
3529
7062
32395
8156
14037
9238
22637
31030
17577
6568
14742
24849
27941
7047
18902
14210
10949
13088
4554
10795
21892
28635
2736
20580
27762
11983
21229
768
27089
24138
9184
6408
28030
7057
14920
11003
4447
24538
16465
10171
29105
30868
25637
3645
26953
11148
27883
4980
5667
22411
26514
27751
24380
7738
6918
26978
19012
2221
11967
16738
29623
3546
27099
26675
2776
9593
10687
8527
2385
10217
32046
3762
32692
6350
9301
27642
32469
6466
31398
23501
7803
19820
11384
20633
17694
32376
2865
27318
27054
21818
22718
12087
4705
18680
18988
20600
4933
12738
19844
2379
28949
27688
30735
6901
8092
27169
25759
22866
23551
10259
27149
4287
3347
955
13725
15758
22888
17061
226
5442
6832
20886
10701
24466
11280
24036
32213
8042
1267
31627
7360
1001
29980
30880
8706
19944
6206
19559
6586
31711
11094
8289
30611
23908
14588
1977
29046
18757
26931
6287
2371
24484
7436
23075
625
20139
28437
11947
14234
19890
26413
12030
21484
21055
14309
7596
1374
12003
16000
21139
14417
12387
13775
30127
1781
29992
31528
21279
12946
6063
15097
16700
4758
4070
20934
1469
15795
10014
32211
15539
25530
4446
21601
3967
8457
372
30433
18110
13070
28061
14676
9736
31499
8768
15843
6179
5183
19480
15359
3526
22554
25676
14552
8612
6787
30565
24556
22638
9873
3422
21997
29590
1118
73
17158
5379
16884
25669
5320
1037
21974
8783
12581
8479
29744
20160
8302
14489
24254
22862
4541
1860
9287
31507
13275
4045
30865
10128
11484
11682
3696
15437
18195
3584
18304
7822
30872
23515
8854
23056
29718
29409
4330
8369
28662
24224
13449
15555
31462
1269
7194
31496
25801
6751
10479
3246
9139
30117
1632
10512
24612
1212
15182
9475
11661
8860
1575
29658
30216
20931
14023
17317
28868
2861
8316
16138
24347
25846
7827
15551
26604
31617
7829
7967
4139
20763
26804
10854
10066
6598
2620
32610
27390
24244
14667
27631
18038
32167
19314
11614
27582
25009
12461
5225
16766
11495
2992
5557
2871
9654
32521
25694
20531
30409
19140
15501
25263
9997
21074
17814
9793
583
26103
18130
1435
11135
11185
25649
28020
12636
654
30366
6192
8306
28320
4922
23411
21727
25252
24213
6905
8321
8258
9360
31117
4064
7719
17306
18780
13127
28787
6640
20909
25365
18884
11326
22781
10945
9133
10187
2311
12520
399
18134
12611
19958
5286
19657
23520
2532
21539
16036
21018
18566
17658
5387
23313
16824
28653
8206
5825
23375
16766
30165
3502
17621
24391
14071
14677
5783
24570
667
12443
32207
3472
26399
3126
28647
13965
16597
29691
3041
12313
1549
3626
9124
76
28280
21982
14575
13528
29662
23754
11848
3284
23347
19006
5830
7108
8813
17567
951
26528
23344
29982
28367
31218
23248
16441
11402
29692
24571
25633
25644
29340
23453
25676
2450
9921
1515
17244
21814
23359
23179
3655
22833
17520
9318
1315
28512
17146
27427
31626
5685
19336
23342
25519
6572
16160
19453
27487
2866
25402
5018
9787
6564
23621
32597
20288
940
31902
25154
2955
27442
9552
4976
7885
8587
6908
1508
12956
27475
25062
24766
22623
11739
26078
23998
9622
8916
14803
28034
12220
11733
18829
23711
2614
23449
16815
20654
8779
1104
1889
4500
13523
15034
13584
30623
20255
26743
11641
13728
10397
31465
9166
13759
18136
12422
3697
24310
14268
13571
17561
32293
30062
5809
23203
17081
31816
17480
7889
9227
29471
19729
24177
24726
16934
27239
31863
8228
27482
1124
24420
18881
18067
25582
27414
26792
23136
25061
5829
12269
13896
30080
30256
25252
30942
25476
7310
2738
13695
13886
27678
27789
22172
17648
16225
31359
3964
32058
27269
2205
12788
20105
7399
795
2058
15340
9908
1780
24015
32224
5374
3364
19893
617
14487
11319
3824
28050
32095
15792
1837
25438
6444
23263
27258
27388
18325
4175
1001
18155
16939
1437
12437
11213
25613
20946
23253
9609
29457
22944
6806
13641
16195
28767
10783
15914
209
17767
30962
27039
2462
31670
6170
30869
22633
17763
11707
4823
4917
19837
7636
4064
32273
8385
16140
25795
15018
18909
28101
21733
29847
8227
25751
49
11179
23807
5999
28495
26390
23178
21837
27635
32440
21173
5668
31975
2009
23668
1471
3152
18324
15649
22865
17602
24185
14462
24144
11441
15859
4628
2471
26424
14325
21269
19468
13151
15928
503
4449
3135
5689
17151
29097
8207
5182
11620
19086
23499
11568
8290
22553
4358
8331
31283
29577
28075
1410
4229
8442
10213
9753
4080
24112
30568
30492
16345
23657
21057
1514
27191
25805
8800
5364
30827
15579
9895
10207
24278
31262
24320
6491
16372
3977
21853
13977
1937
628
15075
16095
10199
24013
18914
25576
26972
24919
8356
7473
29109
11069
20726
32280
22027
15753
17947
7335
8669
22036
11265
12910
22704
8934
26996
31090
13664
21910
5859
22011
4756
24781
14703
5029
9786
2320
24272
26453
8708
1325
7033
18501
5293
10057
12276
15518
5399
15527
8862
15342
32115
8043
17597
17293
20025
32381
26453
19055
6502
625
8367
29250
31612
14369
18197
11004
29388
4356
22027
3038
12474
5676
11391
17700
18933
23695
6710
26559
6050
18040
6509
29577
19172
6922
4029
9395
26863
25147
21136
28945
11871
4725
4683
21298
23012
32407
7588
6003
29807
13955
6942
28879
22761
14621
14696
14448
28550
6695
13064
22506
9496
14552
22106
28796
27066
112
23280
14962
14873
26644
17785
5628
29612
20726
19246
6029
422
2372
25216
31740
5960
31250
19553
7134
4238
6024
16817
19538
5365
1898
28034
32452
19823
25138
23869
7686
14405
4027
17429
17340
10615
6968
30648
20753
862
11385
23256
7201
14125
9116
605
14786
1265
26331
23952
16970
27440
30452
29163
28890
5825
28462
15945
17778
11959
26772
32465
30068
25195
30826
14265
14327
9003
17902
4224
24223
6780
1656
10900
23011
4681
28176
13536
27185
26004
15188
1370
21601
19304
4858
21947
7997
7457
802
31117
4337
8744
6203
20659
28976
28507
29028
14329
17600
12222
11551
20580
9264
23003
13878
2073
17685
5288
30672
10151
2659
3297
28382
25005
2981
20936
13334
22145
24202
5224
22023
15114
9407
20673
13767
30630
2013
1887
26809
27175
14886
227
18649
30499
25026
21922
15934
18690
14954
8797
27237
1083
12401
17300
10399
21450
4294
13857
27387
18485
8649
29495
3781
28960
25543
26319
29713
12043
11524
8108
12566
26954
31088
977
4993
19329
5220
28150
14124
25603
9897
586
29345
31254
11969
14559
16559
9935
3377
25386
20075
27803
25321
12384
13184
636
27429
31266
9905
31929
26040
8087
6589
20277
28239
24728
7366
2503
26425
26275
9323
22124
8437
29020
30209
2939
26388
22726
6037
30184
21332
20320
18891
26352
31346
11176
22808
4224
25164
28328
30222
18743
8286
26016
5216
21322
12383
11340
29773
28865
18600
5123
11700
4615
31684
9272
7550
14697
5165
19644
28651
16522
20830
19502
21254
18789
4353
20933
21964
5703
6268
12773
32561
28532
10404
7253
28090
30378
11292
22499
23438
15429
4272
6659
6581
9390
17303
17819
32495
3705
17598
21049
8205
22252
26599
11582
19283
8440
7051
17356
15906
31497
30167
21020
1954
29010
2111
996
22291
20797
9515
4127
2700
8137
4434
7030
206
20818
27616
26387
18759
22773
24655
15932
8625
7365
10622
19858
15838
25641
17603
10934
9707
16063
2621
19109
6536
8908
5446
25955
26558
28644
8848
11466
30865
28733
24710
32382
18222
565
24437
1211
15296
13759
23838
26834
16055
16906
8479
25668
24557
29331
22052
24138
14713
10314
10958
26041
27460
20662
20284
5328
31240
11972
880
1760
2128
6420
16450
14285
29752
22000
8100
17250
9466
10566
22498
32202
21137
28549
26402
25804
3492
17256
24204
29358
7288
23860
30458
27598
5077
13766
19669
963
11562
10796
31954
20647
4795
27384
10112
15262
10208
20512
14820
8352
17689
18173
28845
13570
11436
26210
24310
11933
21857
30685
6682
19695
7796
21607
2054
5064
9524
30163
31931
17236
31186
4777
5607
30974
29743
26366
25602
11942
30279
22886
4164
2423
19725
12592
12703
23629
10669
32746
31565
13800
3218
2339
9534
32128
28210
951
28476
14332
4115
12519
20539
15845
29942
9575
4549
3999
8874
7142
30130
10642
5680
10417
5696
11091
13804
19779
2067
5780
21782
13132
6979
19564
22412
2799
1645
27179
21555
14529
15636
13103
3834
9763
30047
7648
18390
18156
17356
9270
21685
25386
26573
24377
22284
10326
25656
16789
27379
26778
14209
8791
25058
8042
9245
29410
21448
28116
22829
503
13775
24091
16647
26003
12743
12068
476
22110
12152
32340
16757
10177
3000
16039
26573
2078
28762
32082
15858
11009
16799
18197
20371
17657
28520
24987
10555
14575
14226
18220
29570
18196
24006
13263
4924
26816
18736
1564
3582
27744
6090
32063
31501
21175
19108
4704
6731
24507
23762
30610
9397
11319
1611
9592
4426
539
31569
13497
20346
8254
16679
3873
10157
22916
6774
25013
14324
7513
20115
14491
16369
27813
13131
26414
5690
27265
1461
22688
26242
26415
13591
10823
10889
8964
22706
14545
26624
29159
241
8330
23186
6579
32444
28173
21478
13805
18153
21017
17249
6591
2304
16585
25494
20794
26741
27265
4988
14380
19610
17416
30002
27981
97
7448
16272
325
8523
2859
13817
14495
8888
16055
14059
18901
18420
7257
28624
20141
20991
28447
28472
13696
19931
5983
20999
22965
28161
23985
7507
12666
8814
26935
24030
25644
7142
10789
6489
8961
21586
20050
22167
18678
27632
17677
6865
2562
14606
16121
27707
25000
32687
20066
8141
2479
32249
17440
960
21473
15129
13275
4925
8566
29321
30642
4214
2173
26760
22604
28217
8347
30873
14723
7578
10052
13251
25403
22355
11542
11868
20687
26084
9658
1255
26878
25458
28593
12065
18779
13842
16050
6132
14205
18799
15756
22783
10107
22944
952
10062
1751
27030
6766
1392
20666
14964
7328
17437
18182
12976
32333
26846
19754
7606
7534
27102
26455
31262
17668
9403
15569
25743
2722
4205
21762
10587
17891
23233
26807
4134
18913
31429
9072
1308
1197
32766
25715
23216
29219
7906
16593
18056
2627
3661
25648
9778
1785
14419
10525
18585
10048
3624
27219
294
32633
9921
16600
8534
31849
4236
1714
15322
32766
24436
23731
28831
11089
6316
3667
27831
539
14405
27521
25647
28657
8768
9559
28660
20056
19921
24679
21673
24466
15873
9457
16556
17766
3955
23051
13291
28794
15566
9371
30246
11404
10868
32321
32554
27809
22180
8302
2844
31793
10644
13996
32368
28017
22988
16608
24976
15918
9236
8244
17669
13797
28372
6710
15045
13021
17962
7297
9215
26397
4213
8658
553
21209
21680
8413
13265
27972
9549
31496
29268
24206
26726
16927
4752
24425
16017
19073
5001
19472
29145
2998
14401
10363
9490
24529
25713
8980
25873
9039
2385
11741
3936
21382
18930
17219
8689
6847
4142
20208
20835
8639
7147
1286
15404
2898
10446
4751
16489
17887
25245
27329
15137
10107
21447
22078
27480
9373
25190
28506
10222
1805
31110
14842
32513
30445
26411
15439
3801
9535
210
13134
1739
4503
2508
17345
4520
14807
6106
10550
22705
4783
19991
16550
15579
26356
25724
22828
18674
5930
9671
12862
22218
30399
14459
32169
23170
18278
4598
28352
7793
21802
7330
25828
3668
138
7767
31415
18839
4945
23503
15858
31616
25886
11457
4312
23254
8359
23644
23327
5486
18104
24387
15096
782
2061
4089
16361
20720
27978
17901
9312
25727
11073
18344
11045
26278
6452
8605
18652
21664
9885
6452
25191
30176
16014
11668
27566
18646
14896
28917
21596
29149
11485
10628
3092
26997
30266
21158
6778
28969
14476
6344
12248
32120
7214
30916
7389
5884
17613
13608
19938
19839
21796
14299
13602
29377
3829
21297
29666
26616
18439
11707
28231
30947
25531
12466
29566
20303
23174
22310
5451
26754
13220
27777
28532
11508
5039
2635
10320
28670
30729
11940
24738
20501
